$SPEC_ID:
Moving Scintillator
$SPEC_REM:
DET# 5
DETDESC# JLAB-9 MCB 135
AP# Maestro Version 7.01
$DATE_MEA:
11/19/2018 16:49:38
$MEAS_TIM:
58 60
$DATA:
0 2047
       0
       0
       0
       0
       0
       0
       0
       0
       0
       0
       0
       0
       0
       0
       0
       0
       0
       0
       0
       0
       0
       0
       0
       0
       0
       0
       0
       0
       0
       0
       0
       0
       0
       0
       0
       0
       0
       0
       0
       0
       0
       0
       0
       0
       0
       0
       0
       0
       0
      18
      30
      29
      15
      21
      27
      25
      27
      27
      28
      29
      29
      25
      19
      26
      23
      23
      25
      33
      25
      23
      25
      31
      36
      36
      20
      29
      36
      38
      26
      31
      35
      27
      36
      22
      39
      30
      28
      22
      34
      34
      26
      32
      36
      38
      24
      35
      42
      31
      32
      31
      21
      26
      30
      33
      19
      28
      28
      37
      13
      27
      26
      34
      35
      52
      37
      28
      29
      26
      28
      34
      42
      28
      25
      29
      35
      38
      36
      35
      33
      36
      30
      32
      34
      40
      43
      26
      31
      38
      38
      22
      38
      34
      42
      34
      26
      35
      23
      38
      40
      32
      29
      35
      31
      25
      36
      32
      43
      21
      32
      35
      43
      31
      32
      37
      37
      28
      27
      30
      39
      27
      40
      33
      35
      37
      38
      39
      37
      32
      44
      47
      50
      41
      43
      43
      39
      33
      36
      41
      35
      50
      46
      35
      38
      43
      43
      43
      45
      45
      35
      43
      41
      50
      38
      44
      48
      46
      41
      49
      39
      64
      46
      40
      60
      52
      64
      49
      43
      49
      58
      51
      59
      57
      51
      46
      48
      67
      56
      62
      54
      52
      57
      52
      43
      57
      57
      60
      65
      41
      48
      57
      52
      40
      55
      51
      39
      39
      54
      42
      54
      60
      63
      48
      48
      66
      49
      40
      52
      60
      48
      46
      59
      46
      48
      59
      49
      58
      66
      35
      36
      51
      50
      55
      47
      46
      58
      35
      57
      48
      42
      42
      51
      51
      47
      50
      65
      56
      54
      55
      57
      51
      43
      39
      60
      73
      64
      49
      34
      65
      32
      58
      49
      40
      65
      55
      46
      63
      47
      55
      56
      57
      51
      53
      60
      59
      52
      52
      50
      44
      45
      61
      47
      41
      52
      54
      48
      42
      54
      54
      46
      70
      59
      49
      55
      51
      47
      35
      55
      43
      54
      41
      49
      54
      60
      41
      47
      50
      56
      45
      64
      47
      54
      44
      47
      59
      47
      32
      44
      41
      54
      46
      49
      52
      52
      50
      62
      55
      50
      60
      56
      67
      50
      49
      49
      57
      57
      47
      57
      57
      43
      47
      68
      42
      51
      41
      52
      57
      52
      49
      56
      56
      66
      41
      63
      52
      62
      46
      56
      50
      57
      56
      54
      45
      63
      45
      38
      50
      55
      53
      46
      52
      61
      43
      46
      46
      60
      40
      48
      35
      61
      57
      38
      48
      46
      51
      54
      46
      49
      55
      51
      52
      49
      42
      52
      43
      46
      52
      51
      51
      39
      49
      55
      36
      51
      51
      43
      44
      60
      54
      50
      46
      46
      40
      58
      58
      64
      50
      48
      54
      51
      54
      43
      52
      45
      43
      56
      47
      45
      42
      51
      51
      55
      54
      40
      36
      53
      48
      55
      43
      54
      45
      65
      51
      42
      57
      52
      48
      49
      49
      40
      59
      61
      60
      49
      42
      51
      52
      47
      66
      45
      58
      50
      53
      45
      41
      61
      50
      42
      52
      49
      57
      64
      62
      56
      57
      61
      61
      46
      55
      40
      68
      57
      52
      50
      51
      51
      57
      56
      45
      67
      62
      47
      53
      50
      66
      55
      63
      64
      49
      67
      67
      49
      69
      50
      45
      49
      54
      50
      48
      51
      45
      52
      53
      56
      56
      54
      47
      63
      50
      52
      53
      41
      60
      44
      56
      54
      44
      46
      53
      43
      53
      48
      45
      41
      47
      45
      51
      53
      58
      57
      58
      46
      44
      53
      42
      44
      50
      54
      55
      61
      47
      51
      41
      51
      44
      44
      46
      41
      48
      47
      53
      60
      43
      47
      61
      52
      41
      42
      56
      48
      55
      48
      42
      31
      48
      38
      59
      33
      42
      50
      35
      38
      54
      38
      43
      48
      37
      48
      38
      58
      33
      39
      39
      47
      43
      52
      50
      46
      47
      37
      40
      44
      49
      34
      34
      35
      51
      35
      44
      46
      37
      39
      45
      45
      31
      36
      34
      45
      31
      37
      45
      34
      36
      50
      38
      39
      46
      43
      45
      45
      44
      45
      34
      41
      45
      53
      40
      42
      33
      43
      52
      40
      36
      43
      40
      32
      35
      33
      40
      39
      41
      41
      45
      36
      27
      44
      30
      39
      38
      33
      45
      34
      44
      43
      35
      41
      37
      44
      37
      39
      39
      33
      41
      43
      34
      40
      41
      43
      34
      36
      32
      35
      45
      28
      40
      33
      30
      34
      35
      36
      32
      38
      42
      30
      56
      44
      36
      47
      40
      39
      47
      36
      36
      31
      43
      42
      41
      41
      42
      33
      34
      35
      33
      36
      32
      28
      42
      33
      48
      34
      36
      41
      40
      42
      35
      24
      35
      37
      31
      31
      23
      40
      41
      39
      33
      43
      38
      31
      35
      36
      37
      46
      36
      39
      42
      29
      38
      36
      35
      36
      38
      35
      28
      32
      35
      34
      49
      45
      36
      31
      33
      41
      31
      40
      40
      31
      24
      28
      29
      28
      42
      34
      41
      27
      35
      30
      48
      29
      29
      36
      41
      36
      36
      37
      34
      47
      38
      34
      42
      42
      25
      25
      34
      26
      30
      37
      33
      37
      37
      36
      35
      25
      29
      44
      29
      25
      28
      35
      30
      44
      43
      30
      33
      33
      36
      27
      25
      37
      35
      49
      31
      35
      28
      39
      34
      33
      29
      34
      39
      31
      26
      30
      39
      38
      38
      34
      34
      42
      29
      29
      29
      20
      36
      26
      38
      34
      39
      37
      29
      35
      34
      31
      21
      44
      33
      42
      28
      28
      32
      30
      35
      42
      31
      39
      28
      38
      31
      34
      31
      42
      36
      26
      35
      34
      39
      53
      36
      42
      32
      37
      39
      42
      39
      25
      33
      42
      38
      26
      24
      36
      23
      29
      43
      41
      34
      37
      48
      37
      36
      32
      32
      37
      45
      25
      36
      33
      30
      38
      29
      37
      28
      30
      33
      36
      33
      37
      37
      29
      26
      40
      26
      33
      24
      40
      40
      30
      31
      39
      39
      36
      36
      33
      43
      38
      30
      33
      32
      34
      38
      36
      36
      33
      32
      37
      30
      37
      32
      32
      36
      28
      33
      35
      46
      41
      27
      34
      38
      39
      36
      24
      37
      33
      44
      28
      19
      42
      39
      23
      39
      39
      38
      32
      33
      27
      33
      22
      33
      33
      22
      32
      21
      32
      36
      40
      23
      37
      33
      33
      39
      38
      34
      35
      35
      28
      36
      37
      42
      28
      31
      27
      34
      44
      61
      30
      42
      38
      26
      32
      36
      28
      36
      38
      31
      29
      33
      38
      40
      33
      27
      30
      35
      21
      27
      32
      33
      32
      34
      37
      33
      33
      34
      31
      31
      31
      31
      35
      41
      31
      45
      35
      32
      35
      26
      25
      27
      32
      37
      29
      37
      27
      41
      42
      33
      43
      33
      35
      35
      35
      26
      34
      36
      37
      34
      30
      35
      27
      38
      35
      50
      40
      36
      38
      36
      36
      37
      30
      38
      39
      42
      40
      27
      36
      34
      35
      29
      32
      38
      33
      31
      47
      32
      36
      31
      35
      34
      29
      40
      41
      34
      39
      40
      32
      37
      41
      36
      44
      29
      33
      34
      39
      33
      31
      34
      32
      37
      33
      28
      46
      27
      31
      24
      32
      31
      32
      35
      27
      34
      31
      26
      28
      29
      28
      32
      40
      26
      28
      19
      31
      35
      34
      29
      36
      20
      30
      30
      22
      38
      27
      19
      28
      40
      22
      25
      29
      30
      19
      36
      25
      32
      22
      35
      23
      26
      36
      35
      27
      30
      29
      23
      24
      21
      21
      22
      23
      20
      15
      17
      19
      27
      25
      22
      18
      20
      20
      26
      17
      23
      26
      28
      29
      18
      22
      18
      27
      22
      23
      17
      18
      16
      21
      16
       7
      14
      23
      17
      17
      17
      17
      16
      18
      21
      27
      14
      15
      11
      15
      20
      20
       7
      18
      16
      25
      10
      19
      10
      14
      17
      16
      14
      15
      16
      15
      18
      13
      12
      19
      18
      14
      25
      10
      16
      12
      20
       9
      11
      18
      13
      17
      19
      16
      19
      13
      11
      17
      16
      20
      11
      13
      21
      10
       9
       6
      16
      14
      14
      14
      11
      21
      11
      12
      10
      16
      11
      16
      14
      11
      13
      14
       9
      14
      11
      12
      15
      11
      13
      14
       7
      10
      11
      11
      15
      11
      10
      10
       9
      12
      11
      11
      10
       6
      10
      14
      11
      11
      15
      11
      13
      16
      16
       9
      11
       9
      20
       9
       7
      11
      16
      14
      14
      11
      12
      10
      13
      12
      11
       9
      10
      13
       7
      14
      20
       8
      15
      12
      15
      20
       7
       6
      15
      10
      10
       8
      16
      14
      10
       9
      11
      11
       9
       6
       9
      10
       7
      11
      12
      12
      10
      11
      10
       6
       7
      15
      11
      11
       9
      10
       8
      11
      16
       8
      13
      10
      10
       7
      15
      14
      12
       7
       8
      10
      13
      13
       9
      16
      17
       3
       8
       7
      14
      11
      11
      12
       8
       7
       7
      14
      12
      15
       6
       9
       4
       5
      13
      12
      13
       8
       9
      12
       7
      10
      10
       9
       7
      11
       9
       5
       8
       8
      10
       8
      10
      13
       8
       9
      15
       9
       8
      14
       5
      16
       3
      12
      12
      10
       7
       9
      11
       9
      15
      16
      11
       7
      14
       7
       8
       7
       8
       9
       9
       6
      11
      12
      13
       8
       6
      10
      17
      14
       4
      16
      14
      10
      12
      11
      12
      18
       9
       8
      12
      12
       7
      12
      17
      14
      11
      13
      14
      15
       6
      13
      10
       5
      13
       9
      10
      12
       9
       5
       8
       8
      13
       7
      12
      12
      10
       9
      16
      15
      16
      13
      10
       7
      13
      11
      12
      14
      13
      14
      17
      11
      10
      11
      13
      12
      13
      15
      15
      20
       9
      20
       8
      10
       8
      20
      16
      11
      24
      18
      12
      25
      13
      12
      14
      17
      17
      22
      18
      29
       9
      18
      25
      22
      23
      22
      20
      19
      20
      27
      34
      21
      21
      22
      34
      28
      26
      35
      41
      30
      29
      27
      23
      27
      28
      35
      32
      35
      45
      28
      52
      42
      50
      53
      53
      42
      44
      42
      54
      61
      55
      54
      47
      51
      64
      59
      39
      65
      55
      64
      52
      64
      72
      73
      60
      50
      65
      92
      73
      79
      75
      77
      87
      86
      90
      87
      86
      71
      90
      92
      94
      95
      94
      83
      96
     103
     119
     121
     128
      99
     111
     133
     116
     132
     123
     120
     125
     123
     134
     115
     133
     143
     137
     150
     130
     131
     146
     141
     143
     151
     152
     145
     145
     142
     157
     147
     177
     179
     153
     162
     156
     166
     179
     173
     154
     190
     163
     179
     153
     162
     161
     177
     174
     165
     186
     196
     181
     175
     167
     188
     181
     182
     183
     195
     178
     168
     182
     193
     181
     193
     199
     181
     182
     180
     189
     194
     195
     169
     182
     189
     152
     175
     166
     177
     172
     171
     179
     153
     162
     144
     158
     161
     161
     139
     181
     159
     142
     157
     167
     141
     140
     127
     151
     128
     111
     131
     113
     119
     105
     110
     127
     117
     108
     110
     112
     108
     103
      85
     107
     108
      94
      94
      91
      87
      86
      79
      70
      82
      61
      82
      71
      61
      50
      67
      79
      56
      64
      72
      47
      69
      39
      52
      50
      41
      62
      52
      56
      42
      32
      35
      40
      54
      44
      39
      39
      29
      32
      30
      33
      38
      25
      28
      27
      20
      20
      16
      14
      24
      16
      19
      14
      17
      22
      17
      14
      18
      16
       8
       6
      15
       7
       7
       9
       6
      11
       4
      11
      10
       6
      12
       3
      10
       5
       5
       6
       6
       5
       2
       5
       3
       3
       5
       3
       7
       3
       4
       3
       0
       2
       5
       5
       3
       0
       4
       2
       2
       1
       6
       6
       3
       4
       4
       3
       1
       3
       3
       1
       2
       1
       1
       0
       0
       0
       2
       2
       3
       4
       2
       1
       1
       2
       2
       1
       1
       0
       3
       3
       1
       3
       1
       0
       1
       4
       2
       1
       2
       0
       3
       2
       2
       1
       1
       1
       0
       1
       1
       3
       4
       0
       2
       3
       1
       1
       2
       2
       2
       1
       0
       1
       0
       2
       1
       2
       2
       0
       1
       0
       0
       2
       2
       0
       1
       2
       1
       3
       2
       1
       1
       0
       2
       1
       0
       2
       2
       1
       1
       2
       2
       2
       0
       0
       2
       0
       3
       2
       0
       2
       0
       0
       3
       1
       0
       0
       0
       2
       0
       0
       2
       4
       0
       2
       2
       0
       2
       0
       1
       1
       2
       1
       1
       2
       0
       2
       1
       0
       0
       3
       1
       2
       2
       3
       0
       1
       0
       2
       0
       2
       1
       0
       1
       0
       1
       1
       2
       0
       2
       2
       1
       2
       0
       0
       0
       0
       0
       0
       0
       0
       0
       0
       0
       0
       0
       0
       0
       0
       0
       0
       0
       0
       0
       0
       0
       0
       0
       0
       0
       0
       0
       0
       0
       0
$ROI:
1
780 965
$PRESETS:
Real Time
60
0
$ENER_FIT:
0.000000 0.630393
$MCA_CAL:
3
0.000000E+000 6.303934E-001 0.000000E+000 keV
$SHAPE_CAL:
3
3.727226E+001 0.000000E+000 0.000000E+000
