$SPEC_ID:
Moving Scintillator
$SPEC_REM:
DET# 5
DETDESC# JLAB-9 MCB 135
AP# Maestro Version 7.01
$DATE_MEA:
11/19/2018 16:36:02
$MEAS_TIM:
58 60
$DATA:
0 2047
       0
       0
       0
       0
       0
       0
       0
       0
       0
       0
       0
       0
       0
       0
       0
       0
       0
       0
       0
       0
       0
       0
       0
       0
       0
       0
       0
       0
       0
       0
       0
       0
       0
       0
       0
       0
       0
       0
       0
       0
       0
       0
       0
       0
       0
       0
       0
       0
       1
      24
      52
      32
      33
      32
      36
      27
      42
      38
      44
      44
      30
      34
      37
      38
      42
      33
      35
      47
      41
      39
      42
      30
      38
      32
      37
      33
      47
      37
      29
      39
      41
      42
      31
      35
      57
      43
      47
      41
      49
      39
      39
      56
      43
      32
      43
      33
      48
      42
      32
      31
      44
      39
      48
      43
      56
      49
      40
      49
      46
      41
      50
      51
      37
      39
      44
      44
      38
      54
      35
      42
      38
      49
      42
      38
      51
      41
      41
      43
      40
      34
      39
      36
      42
      47
      41
      56
      50
      45
      43
      43
      34
      53
      41
      55
      48
      52
      52
      49
      44
      40
      57
      48
      44
      52
      48
      52
      53
      57
      38
      49
      45
      37
      43
      51
      54
      57
      46
      45
      58
      57
      52
      51
      60
      54
      53
      58
      48
      52
      48
      48
      54
      48
      47
      60
      52
      59
      55
      55
      62
      61
      49
      47
      62
      56
      57
      58
      60
      58
      67
      55
      51
      53
      72
      66
      60
      60
      75
      62
      55
      63
      60
      55
      67
      70
      64
      69
      65
      69
      71
      77
      71
      68
      81
      47
      53
      71
      75
      65
      67
      62
      60
      57
      79
      74
      67
      63
      67
      64
      71
      57
      72
      63
      71
      53
      63
      68
      66
      60
      77
      54
      65
      70
      67
      65
      53
      67
      88
      64
      70
      59
      69
      68
      59
      62
      68
      64
      66
      69
      64
      56
      70
      57
      63
      58
      60
      63
      63
      54
      56
      62
      57
      55
      68
      51
      54
      72
      60
      90
      61
      61
      71
      53
      56
      58
      49
      51
      53
      55
      73
      56
      70
      64
      71
      68
      63
      61
      54
      78
      69
      53
      59
      56
      63
      64
      62
      78
      84
      53
      71
      61
      80
      68
      69
      70
      68
      55
      65
      70
      52
      71
      79
      68
      68
      54
      54
      60
      63
      66
      78
      83
      59
      78
      71
      78
      57
      69
      60
      64
      74
      55
      71
      61
      74
      64
      61
      67
      71
      61
      62
      63
      61
      69
      61
      71
      61
      63
      61
      62
      59
      72
      53
      66
      63
      60
      55
      65
      70
      66
      68
      66
      47
      83
      66
      65
      61
      54
      66
      56
      69
      48
      58
      44
      42
      60
      62
      69
      51
      65
      65
      65
      54
      62
      62
      69
      59
      63
      54
      61
      62
      72
      47
      61
      51
      53
      64
      56
      68
      61
      72
      65
      56
      56
      50
      74
      74
      73
      76
      61
      48
      69
      64
      61
      70
      69
      66
      74
      63
      70
      73
      64
      64
      62
      58
      63
      59
      80
      63
      64
      79
      54
      63
      60
      72
      66
      70
      75
      72
      62
      61
      82
      69
      71
      70
      52
      75
      72
      69
      86
      56
      75
      67
      67
      82
      70
      76
      78
      68
      60
      66
      67
      75
      76
      75
      65
      84
      61
      67
      69
      79
      72
      67
      78
      69
      63
      79
      70
      58
      69
      82
      74
      70
      91
      79
      88
      84
      72
      74
      70
      72
      81
      81
      70
      77
      82
      90
      79
      77
      83
      77
      72
      86
      69
      76
      64
      89
      74
      69
      87
      78
      74
      98
      90
      68
      83
      60
      59
      71
      68
      88
      78
      73
      80
      65
      84
      74
      78
      70
      77
      69
      67
      74
      62
      59
      89
      69
      81
      76
      76
      66
      67
      81
      69
      82
      80
      69
      86
      66
      84
      74
      68
      70
      77
      56
      70
      73
      89
      61
      73
      83
      70
      74
      74
      69
      63
      60
      68
      66
      73
      68
      69
      67
      73
      69
      71
      77
      69
      55
      71
      72
      64
      62
      66
      67
      60
      58
      47
      61
      56
      64
      58
      63
      58
      55
      62
      62
      71
      74
      55
      70
      65
      56
      57
      72
      71
      49
      48
      50
      74
      69
      62
      66
      64
      61
      56
      60
      69
      74
      70
      69
      64
      52
      69
      62
      51
      64
      59
      70
      53
      47
      64
      56
      55
      78
      60
      52
      66
      59
      80
      71
      52
      61
      54
      56
      54
      66
      52
      45
      63
      48
      59
      53
      57
      56
      53
      63
      60
      67
      64
      38
      58
      52
      50
      54
      43
      54
      50
      60
      58
      53
      56
      60
      53
      43
      50
      65
      42
      45
      49
      55
      62
      54
      54
      63
      57
      63
      58
      46
      62
      52
      47
      53
      54
      51
      48
      49
      52
      48
      47
      62
      65
      61
      59
      53
      51
      67
      59
      60
      56
      63
      54
      48
      45
      47
      47
      60
      43
      39
      42
      60
      55
      46
      49
      47
      59
      59
      51
      56
      46
      54
      56
      58
      49
      46
      45
      66
      44
      64
      58
      48
      39
      54
      46
      54
      59
      60
      39
      49
      53
      66
      48
      50
      64
      46
      63
      55
      57
      56
      46
      51
      45
      53
      59
      45
      57
      44
      43
      61
      45
      51
      37
      49
      55
      43
      50
      51
      42
      50
      37
      47
      50
      48
      46
      47
      42
      54
      55
      61
      59
      64
      44
      42
      71
      51
      51
      50
      38
      42
      38
      40
      53
      49
      47
      52
      52
      43
      45
      54
      52
      40
      43
      47
      47
      48
      42
      38
      55
      39
      49
      58
      42
      52
      51
      44
      55
      50
      45
      40
      49
      45
      60
      53
      47
      55
      48
      43
      45
      45
      49
      48
      60
      39
      55
      53
      56
      43
      62
      40
      55
      48
      62
      45
      53
      63
      47
      58
      33
      52
      47
      47
      59
      53
      54
      46
      48
      59
      64
      40
      39
      58
      37
      44
      42
      53
      65
      47
      44
      62
      43
      46
      48
      42
      52
      47
      50
      54
      55
      47
      45
      41
      47
      50
      50
      39
      46
      54
      47
      57
      50
      50
      47
      47
      48
      50
      35
      48
      59
      50
      49
      50
      67
      48
      56
      58
      46
      58
      56
      53
      55
      48
      46
      53
      57
      45
      57
      40
      51
      63
      39
      49
      40
      44
      45
      53
      44
      50
      49
      48
      54
      47
      50
      44
      51
      36
      45
      45
      58
      53
      62
      37
      53
      48
      33
      63
      57
      46
      50
      38
      59
      47
      35
      49
      44
      54
      46
      54
      51
      75
      44
      47
      46
      49
      60
      45
      51
      52
      58
      44
      46
      44
      44
      44
      47
      49
      45
      52
      47
      55
      55
      45
      51
      44
      47
      53
      53
      39
      41
      52
      54
      38
      51
      52
      51
      52
      49
      66
      55
      44
      43
      46
      52
      45
      49
      55
      56
      54
      56
      41
      48
      44
      47
      44
      48
      41
      43
      52
      52
      41
      56
      51
      40
      51
      48
      48
      50
      50
      42
      51
      45
      49
      50
      56
      56
      38
      38
      54
      61
      49
      50
      46
      45
      56
      46
      64
      54
      60
      47
      47
      50
      50
      55
      38
      53
      47
      41
      45
      55
      40
      45
      52
      43
      50
      58
      44
      63
      38
      47
      42
      56
      55
      49
      50
      51
      51
      46
      62
      38
      65
      54
      51
      47
      59
      43
      51
      46
      52
      41
      47
      53
      51
      61
      53
      62
      47
      42
      50
      36
      56
      49
      55
      53
      54
      58
      62
      45
      40
      62
      38
      52
      31
      47
      46
      47
      53
      41
      51
      45
      55
      50
      47
      42
      49
      46
      51
      51
      47
      48
      51
      51
      55
      43
      47
      53
      58
      51
      33
      44
      59
      46
      41
      51
      51
      52
      50
      56
      34
      44
      41
      45
      45
      53
      44
      48
      41
      50
      57
      30
      44
      41
      32
      46
      45
      33
      42
      50
      39
      32
      38
      43
      28
      48
      34
      42
      33
      41
      47
      29
      42
      44
      26
      36
      34
      39
      34
      28
      36
      33
      27
      22
      40
      45
      39
      36
      38
      40
      29
      40
      29
      29
      29
      24
      33
      31
      23
      30
      33
      37
      32
      34
      23
      26
      34
      26
      23
      30
      34
      26
      26
      27
      26
      29
      27
      25
      20
      24
      27
      25
      23
      19
      22
      23
      18
      22
      26
      21
      22
      28
      24
      28
      26
      26
      31
      19
      20
      23
      17
      23
      19
      24
      30
      30
      26
      14
      18
      21
      14
      27
      15
      20
      14
      26
      24
      15
      16
      24
      15
      22
      24
      15
      22
      14
      12
      22
      23
      17
      20
      17
      22
      17
      20
      20
      16
      21
      20
      23
      21
      18
      16
      16
      17
      31
      24
      20
      15
      24
      23
      20
      20
      18
      20
      22
      19
      23
      13
      13
      10
      21
      19
      19
      13
      18
      11
      25
      19
      13
      15
      25
      15
      20
      18
      15
      16
      11
      11
      18
      15
      10
      18
      21
      20
      16
      17
      14
      21
      12
      14
      16
      22
      13
      12
      19
      10
      17
      12
      15
      21
      13
      10
      24
      18
      15
      15
      11
      21
      15
      14
      19
      13
      19
      18
      14
      21
      10
      10
       9
      20
      11
      12
      22
      16
      17
      10
      13
      16
      10
      13
      19
      19
      11
       9
      16
      20
      12
      19
      21
      14
      10
      12
      16
       9
      20
      15
      11
      16
      20
      13
      14
      12
      10
      11
      21
      12
      20
      17
      14
      10
      16
      11
      16
      18
      20
      20
      14
      11
      21
      17
       9
      15
      16
      12
       8
      17
      23
      19
      11
      17
      17
       9
      17
      16
      12
      16
      15
      17
      20
      16
      19
      17
      12
      13
      27
      19
      19
      12
       9
      11
      14
      19
       8
      18
      15
      18
      15
      16
      18
      14
      10
      20
      19
      17
       8
      18
      13
      18
      15
      17
      15
      17
      13
      17
      11
      17
      17
      12
      17
      20
      14
      10
      20
      14
      13
      17
      21
      21
      11
      14
      14
      20
      15
      15
      14
      22
      14
      21
      16
      20
      19
      12
      15
       9
      16
      15
      15
      14
      15
      19
      10
      17
      18
      17
      17
      18
      15
      18
      25
      11
      14
      16
      19
      18
      21
      14
      16
      21
      25
      19
      22
      18
      23
       9
      20
      18
      23
      15
      24
      21
      25
      17
      22
      27
      29
      21
      16
      26
      25
      31
      18
      31
      23
      19
      28
      25
      24
      39
      29
      33
      37
      36
      41
      39
      38
      37
      46
      33
      42
      40
      50
      55
      40
      44
      51
      43
      52
      56
      57
      56
      44
      56
      41
      45
      61
      55
      79
      61
      70
      67
      54
      59
      79
      74
      66
      77
      75
      74
      73
      76
      83
      92
      86
      94
      86
     118
      99
     105
     100
     115
      88
     105
      92
     128
     133
     139
     110
     116
     109
     128
     131
     154
     144
     150
     136
     131
     155
     140
     167
     159
     152
     174
     166
     182
     160
     170
     172
     187
     189
     187
     189
     177
     187
     184
     225
     216
     212
     212
     182
     233
     204
     182
     230
     216
     241
     223
     224
     229
     227
     211
     239
     245
     237
     244
     262
     234
     222
     241
     237
     267
     274
     285
     244
     274
     254
     291
     275
     262
     268
     304
     276
     257
     272
     292
     276
     304
     306
     273
     264
     296
     286
     251
     272
     272
     261
     259
     275
     293
     252
     271
     268
     237
     244
     260
     247
     262
     230
     254
     253
     255
     253
     242
     226
     207
     224
     251
     213
     207
     231
     225
     230
     217
     209
     201
     195
     201
     244
     206
     208
     203
     189
     173
     169
     163
     155
     155
     169
     146
     178
     145
     163
     149
     143
     143
     152
     115
     147
     111
     133
     133
     129
     113
     116
     109
      91
     128
     100
     102
     105
     103
      94
      81
      70
      75
      89
      80
      83
      71
      60
      68
      76
      64
      66
      62
      48
      62
      51
      44
      47
      43
      38
      43
      42
      31
      30
      37
      39
      37
      31
      33
      33
      19
      20
      25
      30
      27
      34
      25
      16
      22
      21
      14
      13
      12
      17
      10
      21
      12
      14
      11
      12
       9
       7
       6
      11
      15
       6
       7
       7
       9
       6
       7
       2
      11
       6
       4
       5
       1
       5
       4
       6
       6
       6
       4
       4
       5
       2
       1
       3
       3
       2
       6
       3
       1
       4
       2
       4
       2
       1
       0
       1
       1
       4
       0
       3
       2
       1
       1
       4
       2
       2
       1
       1
       4
       2
       2
       3
       2
       4
       6
       1
       3
       1
       2
       1
       0
       1
       2
       5
       3
       3
       3
       2
       1
       2
       2
       3
       4
       1
       1
       1
       2
       1
       3
       1
       1
       3
       2
       0
       0
       3
       1
       1
       2
       1
       0
       1
       0
       5
       1
       0
       1
       0
       2
       1
       0
       1
       3
       2
       1
       0
       1
       1
       0
       3
       2
       4
       5
       1
       2
       4
       1
       0
       2
       1
       0
       3
       1
       2
       1
       2
       1
       1
       3
       1
       2
       1
       2
       1
       1
       2
       0
       2
       1
       2
       1
       0
       1
       0
       0
       1
       3
       1
       4
       1
       2
       2
       3
       1
       2
       2
       0
       0
       1
       2
       1
       3
       1
       1
       4
       1
       1
       2
       3
       1
       1
       5
       1
       2
       2
       1
       0
       0
       0
       0
       0
       0
       0
       0
       0
       0
       0
       0
       0
       0
       0
       0
       0
       0
       0
       0
       0
       0
       0
       0
       0
       0
       0
       0
       0
       0
       0
       0
$ROI:
1
780 965
$PRESETS:
Real Time
60
0
$ENER_FIT:
0.000000 0.630393
$MCA_CAL:
3
0.000000E+000 6.303934E-001 0.000000E+000 keV
$SHAPE_CAL:
3
3.727226E+001 0.000000E+000 0.000000E+000
