$SPEC_ID:
Moving Scintillator
$SPEC_REM:
DET# 5
DETDESC# JLAB-9 MCB 135
AP# Maestro Version 7.01
$DATE_MEA:
11/19/2018 16:59:52
$MEAS_TIM:
59 60
$DATA:
0 2047
       0
       0
       0
       0
       0
       0
       0
       0
       0
       0
       0
       0
       0
       0
       0
       0
       0
       0
       0
       0
       0
       0
       0
       0
       0
       0
       0
       0
       0
       0
       0
       0
       0
       0
       0
       0
       0
       0
       0
       0
       0
       0
       0
       0
       0
       0
       0
       0
       0
      24
      30
      24
      23
      19
      15
      25
      27
      16
      25
      24
      20
      29
      24
      25
      20
      27
      25
      19
      19
      23
      30
      25
      30
      28
      27
      18
      33
      22
      33
      31
      19
      18
      25
      23
      17
      28
      28
      26
      23
      23
      32
      29
      31
      22
      19
      20
      26
      29
      24
      24
      26
      21
      23
      23
      24
      37
      25
      21
      29
      24
      29
      23
      33
      26
      22
      20
      25
      23
      27
      28
      32
      20
      34
      23
      23
      27
      19
      32
      27
      28
      24
      19
      17
      26
      35
      26
      37
      26
      26
      29
      21
      23
      33
      34
      24
      30
      31
      27
      30
      25
      17
      27
      25
      37
      27
      33
      41
      21
      29
      19
      26
      38
      23
      29
      30
      37
      26
      45
      29
      33
      34
      34
      31
      36
      26
      39
      27
      32
      29
      31
      34
      42
      43
      38
      31
      29
      38
      40
      29
      28
      29
      47
      33
      40
      35
      35
      43
      40
      44
      36
      33
      37
      27
      45
      47
      32
      46
      50
      42
      49
      35
      45
      39
      35
      41
      39
      52
      39
      39
      38
      50
      50
      40
      42
      39
      53
      48
      39
      68
      49
      47
      51
      42
      48
      49
      35
      37
      41
      42
      36
      28
      46
      42
      37
      50
      37
      30
      44
      43
      50
      31
      36
      51
      56
      59
      36
      49
      53
      45
      39
      55
      45
      41
      40
      46
      46
      37
      46
      43
      45
      46
      34
      48
      52
      64
      37
      44
      60
      45
      38
      48
      52
      39
      42
      43
      39
      48
      56
      46
      51
      39
      43
      39
      34
      51
      44
      49
      47
      44
      54
      29
      41
      45
      52
      53
      51
      40
      34
      52
      36
      45
      49
      42
      48
      43
      50
      50
      56
      43
      54
      48
      59
      43
      48
      51
      47
      35
      49
      42
      57
      50
      43
      41
      52
      34
      61
      46
      51
      45
      40
      49
      48
      55
      54
      46
      41
      56
      53
      43
      69
      43
      39
      31
      42
      46
      51
      45
      50
      52
      60
      49
      54
      48
      43
      46
      42
      58
      50
      48
      49
      47
      55
      42
      61
      57
      37
      50
      45
      40
      40
      48
      45
      50
      35
      59
      44
      47
      32
      46
      56
      47
      43
      54
      39
      45
      47
      46
      45
      45
      42
      37
      40
      51
      44
      38
      39
      53
      43
      39
      39
      39
      41
      39
      48
      49
      44
      34
      44
      40
      52
      40
      58
      51
      49
      39
      53
      61
      47
      42
      36
      38
      43
      45
      31
      55
      46
      44
      51
      49
      44
      44
      46
      38
      39
      39
      41
      42
      39
      39
      44
      41
      42
      38
      43
      48
      39
      53
      47
      32
      41
      45
      34
      44
      40
      34
      48
      35
      37
      48
      36
      41
      38
      59
      36
      47
      60
      54
      40
      41
      35
      55
      38
      40
      45
      43
      41
      50
      49
      50
      57
      46
      47
      47
      45
      46
      52
      65
      48
      44
      50
      47
      58
      59
      47
      49
      54
      51
      58
      38
      50
      46
      43
      40
      32
      40
      50
      50
      41
      57
      53
      38
      49
      40
      50
      43
      39
      45
      60
      48
      46
      51
      54
      51
      47
      52
      31
      47
      44
      44
      51
      61
      38
      41
      36
      52
      40
      54
      48
      49
      52
      38
      42
      46
      36
      45
      50
      44
      52
      46
      36
      36
      42
      42
      46
      48
      44
      41
      40
      45
      35
      48
      50
      43
      36
      39
      44
      35
      33
      37
      41
      38
      31
      46
      50
      58
      54
      33
      48
      53
      28
      37
      40
      36
      51
      45
      35
      33
      44
      35
      53
      43
      42
      29
      40
      40
      32
      33
      43
      36
      34
      36
      43
      46
      41
      41
      32
      49
      30
      34
      45
      45
      40
      36
      43
      39
      40
      39
      48
      42
      53
      37
      52
      41
      41
      29
      43
      24
      48
      33
      31
      35
      43
      51
      27
      42
      30
      44
      47
      38
      34
      41
      43
      40
      34
      39
      39
      37
      35
      44
      38
      32
      36
      38
      46
      33
      44
      29
      36
      29
      34
      33
      27
      37
      38
      33
      26
      33
      36
      31
      30
      31
      34
      29
      32
      30
      34
      34
      39
      33
      31
      37
      41
      34
      29
      35
      32
      37
      29
      30
      23
      25
      43
      31
      28
      28
      44
      36
      39
      35
      36
      35
      31
      38
      24
      28
      28
      36
      25
      33
      27
      20
      38
      29
      30
      23
      27
      38
      38
      29
      42
      21
      28
      29
      27
      34
      24
      31
      27
      36
      33
      37
      37
      30
      36
      35
      33
      26
      27
      27
      46
      34
      32
      43
      40
      40
      41
      27
      23
      47
      29
      29
      38
      33
      31
      25
      36
      24
      29
      28
      30
      31
      30
      39
      39
      24
      43
      28
      29
      21
      26
      33
      26
      30
      31
      25
      34
      23
      27
      30
      31
      37
      35
      35
      22
      29
      40
      24
      33
      34
      33
      28
      32
      28
      29
      33
      29
      33
      32
      30
      24
      21
      33
      30
      38
      28
      29
      37
      28
      36
      35
      38
      34
      31
      30
      33
      36
      32
      27
      17
      29
      28
      27
      22
      33
      23
      42
      33
      32
      36
      26
      31
      27
      31
      30
      20
      25
      31
      27
      34
      40
      26
      29
      27
      30
      40
      31
      39
      26
      27
      32
      30
      26
      31
      27
      31
      25
      30
      23
      36
      24
      25
      30
      31
      34
      36
      17
      33
      24
      37
      18
      30
      22
      30
      28
      38
      35
      25
      30
      15
      30
      37
      30
      35
      29
      19
      33
      28
      24
      27
      29
      34
      23
      33
      30
      28
      30
      32
      36
      30
      27
      28
      36
      31
      27
      26
      29
      48
      30
      24
      20
      24
      26
      33
      21
      24
      28
      29
      29
      31
      27
      30
      34
      26
      27
      28
      26
      21
      28
      19
      29
      23
      21
      34
      24
      25
      41
      27
      32
      35
      31
      29
      32
      22
      25
      32
      35
      41
      23
      26
      22
      25
      28
      26
      36
      31
      41
      27
      32
      33
      27
      28
      26
      20
      24
      28
      24
      32
      29
      18
      26
      24
      31
      23
      21
      32
      41
      24
      30
      31
      26
      37
      34
      29
      34
      35
      26
      37
      28
      34
      27
      35
      25
      23
      33
      16
      27
      22
      26
      29
      22
      34
      27
      26
      24
      27
      26
      33
      28
      26
      33
      30
      27
      30
      31
      34
      35
      31
      35
      24
      26
      25
      34
      33
      30
      29
      25
      28
      26
      31
      21
      29
      21
      28
      27
      36
      32
      34
      33
      32
      42
      21
      35
      27
      29
      26
      33
      27
      31
      36
      32
      24
      21
      32
      27
      28
      21
      26
      34
      26
      22
      29
      21
      21
      24
      25
      21
      13
      22
      30
      30
      34
      21
      29
      25
      31
      27
      28
      26
      28
      26
      24
      33
      31
      23
      22
      30
      30
      33
      28
      25
      28
      29
      37
      36
      30
      30
      24
      26
      29
      29
      32
      22
      24
      25
      29
      33
      24
      31
      32
      33
      23
      33
      32
      25
      27
      32
      27
      38
      26
      31
      22
      25
      27
      32
      34
      24
      23
      26
      26
      19
      21
      33
      22
      26
      31
      28
      25
      25
      29
      24
      29
      28
      20
      33
      31
      27
      34
      22
      33
      26
      21
      25
      21
      29
      21
      22
      25
      26
      29
      30
      25
      24
      34
      29
      26
      20
      35
      29
      21
      25
      27
      22
      30
      19
      21
      22
      30
      16
      30
      26
      30
      24
      25
      31
      17
      17
      27
      18
      27
      16
      23
      20
      16
      26
      19
      20
      19
      15
      26
      21
      22
      18
      20
      18
      20
      21
      16
      29
      18
      19
      19
      10
      21
      22
      16
      22
      16
      15
      16
      20
      21
      16
      22
      13
      14
      20
      16
      18
      22
      13
      21
      11
      14
      15
      17
      22
      11
      15
      24
      14
      15
      17
      10
       9
      17
      15
      13
      11
      17
      10
      24
       8
      12
      16
       6
      17
      13
      10
       9
       9
      16
      11
      12
      22
      12
      12
       8
      17
      17
       8
       4
       9
       9
      14
      16
      14
      14
       8
      17
      17
      11
      15
       6
       8
      11
      14
      16
      14
      12
       6
      13
       9
       5
      14
      14
      13
       5
      19
       4
      10
      21
       8
      12
      11
      12
      16
       9
      11
      17
       3
      10
      11
      10
      11
       4
       8
      12
      11
      14
      12
      11
      11
      17
      10
       9
      13
      10
       9
       9
       7
      13
       9
       7
       7
      11
      11
      10
      10
       3
       8
      10
       8
       8
      14
      11
      13
      11
      12
       7
      13
      12
      11
       6
      11
      12
       6
      11
      13
      12
      13
       5
      11
      12
       5
       6
       9
       9
       7
       9
       5
       9
      13
      12
       6
      11
      10
      17
       6
      10
      10
      18
       9
       5
      12
       8
       5
       4
      14
       7
      12
      10
      11
       3
       7
       9
       9
      10
      11
      12
      12
      11
       9
       7
       4
       7
       7
       8
       4
       7
       4
       5
       7
       7
       8
       9
       9
       7
      12
      22
       8
       8
       5
      12
       9
       3
      14
       7
       8
      11
       9
       8
       7
       4
      12
       2
       9
      11
      12
       7
       9
      12
       7
      11
      15
       7
      17
       5
       8
      12
       7
       3
      10
       6
       7
      11
       5
      13
       8
      13
      11
      10
       2
       3
       6
       8
       4
      14
       7
       9
      10
       7
      11
       9
       7
      10
       7
      10
      15
      10
       8
       9
       7
      14
      11
       9
       4
      10
       9
       5
       7
      10
       9
      13
      11
       4
      10
       9
      10
       6
       2
       5
      10
      11
      11
      13
       5
      14
      12
      13
      15
       8
       8
       6
       6
       6
      11
       9
      10
       9
      10
      14
       8
       9
      12
      11
      12
       3
       8
       8
       8
      14
      15
      14
       5
      15
       6
       6
       9
      11
      14
       6
      13
      13
      14
      18
      14
      19
      16
      11
      11
      16
       9
       8
       6
      12
      11
      17
      24
      21
      16
      16
      19
      16
      12
      11
      16
      20
      15
      19
      15
      20
      18
      20
      17
      17
      19
      21
      28
      13
      23
      12
      15
      30
      21
      23
      27
      20
      25
      31
      36
      22
      31
      39
      28
      28
      43
      29
      31
      41
      29
      35
      46
      48
      39
      32
      49
      36
      41
      41
      44
      42
      34
      55
      33
      50
      48
      44
      42
      63
      64
      59
      62
      64
      67
      69
      75
      61
      60
      77
      72
      82
      77
      79
      97
      75
      68
      82
      78
      81
      81
      71
      83
      79
      95
      88
     102
      71
     103
      92
      95
      90
     101
      95
     110
     106
      97
     131
     104
     113
      95
     108
     134
     119
     122
     132
      99
     112
      96
     113
     124
     155
     115
     117
     118
     128
     147
     137
     143
     144
     128
     143
     154
     150
     159
     164
     165
     151
     174
     146
     122
     166
     155
     143
     160
     159
     171
     142
     149
     154
     178
     165
     153
     154
     144
     171
     147
     146
     144
     132
     123
     133
     150
     153
     153
     140
     146
     173
     138
     136
     134
     128
     120
     125
     137
     134
     117
     129
     116
     117
     124
     117
     121
     137
     121
     114
     103
     114
     103
     113
     108
      95
     123
     104
      92
      99
      95
     101
      90
     103
      87
      86
      79
      80
      94
      65
      77
      81
      64
      69
      78
      66
      73
      67
      56
      68
      67
      58
      70
      64
      57
      46
      51
      64
      47
      40
      54
      42
      30
      43
      52
      31
      39
      26
      40
      39
      18
      26
      31
      37
      22
      23
      19
      13
      23
      29
      24
      20
      15
      23
      18
      14
      20
      26
      12
      19
      17
      18
      17
      15
      12
      12
      11
      18
      10
       8
       8
       9
      15
       9
       8
       9
       8
       6
       4
       4
       2
       5
       3
       8
       6
       7
       5
      10
      11
       6
       1
       3
       4
       4
       3
       1
       4
       5
       5
       4
       0
       4
       2
       2
       2
       0
       5
       1
       0
       0
       2
       1
       2
       2
       1
       1
       1
       6
       1
       0
       2
       3
       3
       2
       2
       0
       2
       2
       1
       3
       1
       2
       3
       2
       0
       1
       0
       0
       1
       1
       1
       1
       1
       1
       1
       0
       2
       2
       3
       0
       0
       4
       3
       0
       0
       1
       1
       1
       0
       2
       0
       1
       3
       3
       2
       2
       0
       2
       0
       0
       0
       1
       2
       1
       2
       0
       2
       1
       1
       3
       3
       2
       1
       0
       2
       1
       1
       0
       3
       2
       0
       1
       2
       0
       1
       2
       3
       0
       1
       2
       1
       1
       1
       3
       2
       2
       0
       2
       0
       3
       3
       1
       1
       1
       1
       0
       1
       1
       1
       1
       0
       3
       1
       1
       0
       2
       4
       1
       0
       0
       2
       0
       0
       0
       2
       1
       2
       0
       5
       1
       1
       1
       1
       3
       0
       2
       0
       0
       2
       2
       1
       1
       2
       1
       1
       1
       0
       2
       2
       1
       2
       0
       0
       0
       0
       0
       0
       0
       0
       0
       0
       0
       0
       0
       0
       0
       0
       0
       0
       0
       0
       0
       0
       0
       0
       0
       0
       0
       0
       0
       0
       0
       0
$ROI:
1
780 965
$PRESETS:
Real Time
60
0
$ENER_FIT:
0.000000 0.630393
$MCA_CAL:
3
0.000000E+000 6.303934E-001 0.000000E+000 keV
$SHAPE_CAL:
3
3.727226E+001 0.000000E+000 0.000000E+000
