$SPEC_ID:
Moving Scintillator
$SPEC_REM:
DET# 5
DETDESC# JLAB-9 MCB 135
AP# Maestro Version 7.01
$DATE_MEA:
11/19/2018 16:45:43
$MEAS_TIM:
58 60
$DATA:
0 2047
       0
       0
       0
       0
       0
       0
       0
       0
       0
       0
       0
       0
       0
       0
       0
       0
       0
       0
       0
       0
       0
       0
       0
       0
       0
       0
       0
       0
       0
       0
       0
       0
       0
       0
       0
       0
       0
       0
       0
       0
       0
       0
       0
       0
       0
       0
       0
       0
       0
      19
      29
      29
      41
      27
      39
      30
      29
      27
      27
      50
      38
      36
      27
      32
      33
      23
      24
      37
      27
      35
      37
      33
      24
      21
      30
      38
      32
      26
      36
      29
      25
      32
      36
      28
      36
      39
      32
      36
      32
      39
      30
      29
      40
      34
      36
      24
      31
      47
      35
      26
      43
      40
      32
      34
      36
      43
      40
      35
      35
      33
      41
      35
      32
      30
      42
      36
      38
      29
      39
      44
      33
      54
      34
      40
      43
      33
      41
      48
      27
      33
      41
      40
      24
      39
      51
      38
      37
      48
      49
      37
      34
      44
      45
      45
      43
      35
      48
      45
      36
      47
      39
      44
      35
      45
      48
      45
      33
      50
      48
      36
      49
      43
      38
      37
      37
      51
      44
      46
      47
      44
      28
      46
      43
      38
      32
      36
      56
      44
      47
      49
      34
      41
      52
      30
      36
      46
      44
      41
      53
      40
      55
      31
      39
      47
      46
      46
      48
      47
      40
      54
      50
      44
      51
      52
      49
      62
      57
      62
      51
      60
      63
      57
      59
      55
      57
      64
      46
      61
      70
      74
      67
      64
      57
      46
      63
      63
      54
      54
      64
      55
      60
      57
      61
      56
      56
      60
      65
      63
      54
      56
      59
      67
      59
      60
      76
      59
      46
      55
      56
      50
      58
      67
      65
      37
      71
      51
      49
      52
      53
      58
      64
      50
      59
      51
      63
      51
      48
      53
      48
      64
      70
      64
      49
      62
      56
      46
      61
      57
      61
      68
      54
      51
      59
      47
      69
      67
      56
      37
      58
      50
      48
      47
      43
      69
      50
      38
      52
      44
      54
      67
      50
      48
      49
      52
      54
      52
      61
      61
      63
      67
      63
      72
      61
      54
      65
      57
      49
      59
      49
      51
      47
      56
      44
      51
      43
      54
      63
      57
      52
      61
      46
      43
      47
      65
      61
      57
      54
      54
      54
      50
      55
      59
      50
      59
      51
      57
      49
      39
      71
      56
      61
      69
      59
      63
      65
      58
      54
      56
      62
      71
      67
      54
      60
      66
      64
      45
      62
      67
      52
      54
      62
      60
      53
      68
      54
      54
      55
      57
      60
      57
      61
      56
      56
      51
      53
      54
      67
      57
      64
      60
      49
      49
      54
      56
      52
      60
      51
      47
      61
      50
      57
      63
      49
      69
      71
      44
      62
      59
      44
      56
      48
      52
      50
      48
      64
      56
      50
      57
      57
      44
      49
      66
      58
      36
      61
      74
      60
      56
      73
      41
      49
      53
      54
      52
      62
      61
      69
      72
      51
      50
      57
      62
      49
      51
      55
      57
      59
      52
      50
      66
      63
      47
      63
      53
      56
      57
      56
      57
      53
      59
      76
      52
      52
      58
      63
      53
      52
      66
      54
      60
      71
      49
      54
      49
      62
      52
      58
      66
      54
      65
      61
      59
      70
      56
      46
      69
      57
      50
      61
      64
      58
      53
      58
      56
      56
      77
      64
      66
      55
      64
      59
      69
      65
      61
      68
      53
      65
      67
      74
      66
      56
      52
      58
      68
      54
      68
      59
      68
      62
      56
      64
      69
      70
      76
      66
      75
      70
      61
      68
      75
      60
      59
      82
      57
      73
      61
      73
      71
      52
      59
      68
      62
      72
      61
      51
      58
      65
      43
      65
      54
      59
      70
      57
      49
      76
      59
      63
      56
      59
      72
      54
      62
      46
      64
      54
      78
      55
      53
      59
      50
      57
      66
      57
      49
      61
      55
      52
      46
      59
      61
      57
      50
      52
      51
      70
      54
      56
      62
      51
      57
      40
      60
      69
      66
      76
      58
      58
      40
      62
      54
      54
      53
      57
      56
      46
      57
      52
      51
      49
      61
      50
      55
      40
      49
      57
      43
      45
      59
      52
      45
      65
      67
      50
      51
      53
      57
      63
      48
      46
      52
      48
      40
      41
      49
      58
      52
      50
      43
      64
      38
      57
      46
      52
      54
      55
      50
      42
      48
      49
      51
      43
      55
      56
      54
      50
      43
      41
      49
      49
      46
      52
      57
      41
      47
      42
      40
      50
      54
      49
      53
      44
      53
      46
      45
      51
      53
      45
      47
      47
      49
      58
      43
      47
      44
      45
      49
      54
      46
      56
      38
      55
      46
      52
      57
      33
      45
      51
      38
      53
      41
      46
      43
      50
      38
      40
      52
      46
      48
      41
      46
      46
      52
      41
      41
      39
      46
      38
      46
      41
      51
      44
      40
      46
      38
      31
      51
      52
      59
      39
      47
      44
      33
      41
      46
      56
      58
      39
      31
      41
      30
      47
      39
      39
      47
      34
      36
      44
      49
      43
      37
      53
      43
      51
      56
      41
      35
      34
      55
      42
      59
      46
      37
      51
      43
      64
      40
      38
      55
      37
      44
      40
      53
      47
      39
      51
      39
      42
      31
      49
      42
      41
      39
      44
      54
      40
      42
      49
      46
      45
      37
      37
      43
      46
      47
      40
      52
      59
      39
      47
      30
      44
      43
      39
      41
      29
      51
      41
      37
      35
      31
      39
      51
      43
      45
      35
      37
      44
      53
      50
      40
      37
      47
      32
      32
      46
      40
      49
      37
      40
      46
      40
      52
      41
      40
      46
      28
      41
      45
      42
      40
      40
      46
      40
      50
      39
      44
      44
      37
      40
      42
      39
      42
      37
      45
      50
      44
      34
      41
      43
      39
      36
      37
      39
      31
      40
      37
      36
      56
      42
      43
      40
      37
      35
      37
      43
      44
      43
      39
      44
      36
      50
      43
      34
      39
      44
      40
      47
      38
      28
      49
      28
      50
      41
      47
      45
      47
      46
      46
      36
      38
      42
      31
      41
      40
      37
      49
      45
      46
      49
      34
      48
      38
      36
      54
      47
      47
      38
      46
      47
      34
      30
      31
      50
      38
      50
      46
      34
      37
      39
      48
      38
      39
      37
      47
      46
      44
      46
      48
      62
      38
      27
      51
      35
      34
      48
      40
      34
      37
      51
      43
      33
      32
      38
      37
      45
      41
      40
      40
      51
      44
      44
      47
      40
      34
      42
      37
      36
      36
      41
      29
      34
      40
      59
      45
      49
      45
      47
      34
      29
      53
      34
      29
      44
      41
      46
      53
      28
      45
      42
      36
      51
      29
      32
      39
      35
      41
      35
      35
      43
      39
      34
      38
      39
      40
      27
      37
      37
      43
      39
      52
      32
      43
      44
      27
      35
      42
      48
      36
      30
      34
      33
      45
      35
      40
      43
      53
      42
      42
      40
      39
      57
      44
      44
      40
      47
      48
      36
      47
      37
      37
      33
      34
      29
      46
      37
      42
      35
      39
      34
      43
      55
      39
      43
      46
      49
      37
      57
      44
      48
      43
      36
      45
      45
      48
      35
      44
      40
      40
      46
      32
      35
      32
      39
      38
      31
      36
      31
      34
      36
      32
      35
      44
      40
      43
      46
      41
      35
      44
      35
      35
      38
      46
      42
      32
      38
      34
      41
      41
      59
      43
      33
      44
      42
      32
      37
      38
      50
      53
      43
      41
      42
      28
      40
      36
      41
      53
      45
      39
      46
      33
      45
      45
      50
      35
      56
      43
      40
      37
      50
      42
      41
      45
      39
      47
      37
      55
      53
      33
      31
      48
      54
      42
      47
      38
      51
      46
      41
      38
      31
      35
      39
      29
      46
      41
      41
      39
      29
      35
      47
      24
      36
      32
      34
      49
      42
      49
      32
      37
      48
      45
      41
      36
      28
      38
      40
      33
      48
      45
      35
      40
      23
      37
      30
      38
      37
      40
      46
      26
      40
      41
      35
      26
      40
      38
      34
      39
      29
      31
      24
      40
      38
      39
      23
      27
      34
      32
      36
      28
      21
      28
      23
      37
      41
      23
      37
      39
      35
      33
      30
      30
      25
      25
      18
      35
      24
      27
      19
      18
      24
      24
      19
      31
      25
      14
      29
      35
      31
      27
      24
      31
      24
      26
      23
      19
      15
      21
      28
      18
      21
      23
      18
      23
      26
      17
      30
      27
      25
      18
      17
      12
      24
      13
      24
      17
      14
      21
      18
      18
      13
      17
      21
      24
      22
      18
      25
      27
      18
      19
      14
      24
      20
      23
      13
      21
      28
      26
      11
      17
      17
      16
      14
      15
      15
      19
       8
      19
      17
      21
      12
      23
      17
      15
       9
      19
      18
      20
      16
      10
      12
      18
      21
       6
      12
      19
      18
      16
      11
      17
      14
      10
      16
      12
      14
      16
      19
      14
      15
       9
      14
      17
      19
      12
       7
      13
       9
      14
      22
      17
      11
       7
      14
       9
      14
      13
      18
      14
      11
      15
      20
      17
       8
       6
      14
      12
      12
      10
      14
      14
      10
      13
       5
      12
      13
      16
      17
      12
      13
      13
      12
       9
      21
      13
      11
       8
      15
      22
      12
       9
       9
      14
      10
      13
      13
      15
      12
      11
      11
      12
      15
       7
       8
      14
      10
      13
      10
       8
      11
      13
      12
      18
      10
      10
      13
      15
      12
       9
      17
      18
      16
      10
       9
      18
      16
      10
       9
       7
      13
      13
      17
      12
      17
      11
       9
      10
       9
      13
       9
      14
      15
      12
       8
      18
      18
      14
      12
      10
      16
      13
      10
      14
      12
      14
      10
      11
       9
      13
      12
      12
      11
       9
       9
      13
      13
      10
      15
       9
       9
      11
       8
       9
       9
      11
      12
       4
      15
       9
       9
      12
       6
      11
      10
       8
      17
      10
       6
      11
      13
       5
      15
      10
      10
       9
      12
      13
      18
      13
      17
      16
      12
      13
      11
      18
      10
       9
      12
      11
      14
      15
       7
      12
       8
      11
       9
      12
       7
      12
      11
      15
      16
      10
      11
      14
      14
      15
      15
      16
      13
      11
      10
       9
       5
      10
      10
      11
      10
      15
      11
       6
      11
      12
      15
      16
      12
      20
      15
       8
      12
      15
       9
      12
      13
      14
      17
       7
      15
      10
      11
       9
      11
      17
      17
      22
      11
      22
      12
      17
      14
      10
      21
      14
      12
      12
       8
      21
      20
      18
      27
      23
      22
      22
      19
      17
      28
      19
      31
      23
      28
      13
      23
      26
      21
      24
      21
      35
      21
      29
      31
      22
      34
      31
      27
      26
      33
      34
      29
      36
      32
      30
      35
      41
      34
      40
      42
      42
      33
      55
      46
      41
      32
      58
      53
      46
      49
      66
      67
      61
      54
      54
      62
      67
      66
      62
      71
      65
      79
      71
      61
      66
      92
      89
      85
      93
      87
      69
     103
      90
      97
      72
     102
     100
     123
      80
     101
     115
     124
      99
     110
     125
     102
     138
     132
     122
     120
     143
     148
     118
     139
     151
     149
     126
     148
     125
     145
     157
     164
     140
     148
     151
     167
     149
     165
     172
     176
     143
     137
     167
     178
     186
     194
     179
     201
     184
     191
     190
     211
     214
     190
     218
     188
     213
     209
     185
     223
     200
     219
     225
     193
     213
     196
     218
     216
     236
     212
     219
     204
     216
     233
     216
     186
     242
     215
     204
     220
     236
     226
     229
     234
     233
     231
     213
     199
     237
     223
     228
     218
     214
     224
     223
     213
     213
     220
     193
     235
     226
     196
     221
     202
     181
     196
     185
     194
     175
     204
     180
     174
     183
     175
     157
     188
     164
     202
     164
     153
     151
     166
     147
     169
     147
     148
     142
     150
     125
     115
     123
      94
     130
     138
     123
     103
     111
     113
     107
     111
      95
      95
     103
      80
     100
      82
      78
     106
      72
      78
      71
      75
      65
      75
      67
      88
      49
      78
      51
      52
      51
      66
      48
      37
      42
      37
      41
      36
      43
      27
      28
      41
      30
      29
      37
      24
      25
      34
      26
      17
      24
      24
      23
      26
      22
      25
      22
      16
      13
      23
      12
      11
      15
      12
       7
      11
      12
      14
       9
      11
      10
      11
      10
       6
       9
      12
       6
       6
      12
       7
       2
       4
      11
       4
       7
       3
       4
       1
       3
       4
       4
       6
       6
       4
       6
       1
       4
       4
       3
       2
       2
       3
       2
       3
       4
       4
       0
       6
       2
       4
       2
       1
       2
       2
       0
       3
       3
       0
       1
       1
       1
       5
       3
       0
       1
       2
       1
       1
       0
       1
       1
       1
       0
       1
       3
       3
       1
       2
       3
       2
       1
       2
       0
       1
       2
       0
       0
       0
       1
       4
       0
       2
       0
       3
       0
       2
       1
       1
       1
       4
       3
       1
       1
       3
       0
       3
       3
       2
       1
       1
       1
       3
       1
       1
       2
       1
       2
       1
       4
       3
       1
       2
       0
       3
       3
       3
       1
       0
       1
       1
       5
       2
       2
       1
       2
       1
       3
       2
       1
       1
       0
       2
       1
       1
       2
       0
       0
       0
       0
       1
       2
       2
       1
       1
       1
       2
       2
       4
       2
       3
       1
       2
       1
       0
       2
       2
       2
       3
       2
       2
       1
       2
       2
       2
       0
       3
       2
       2
       0
       0
       3
       2
       3
       1
       0
       1
       2
       1
       0
       1
       1
       3
       2
       0
       0
       0
       0
       0
       0
       0
       0
       0
       0
       0
       0
       0
       0
       0
       0
       0
       0
       0
       0
       0
       0
       0
       0
       0
       0
       0
       0
       0
       0
       0
       0
$ROI:
1
780 965
$PRESETS:
Real Time
60
0
$ENER_FIT:
0.000000 0.630393
$MCA_CAL:
3
0.000000E+000 6.303934E-001 0.000000E+000 keV
$SHAPE_CAL:
3
3.727226E+001 0.000000E+000 0.000000E+000
