$SPEC_ID:
Moving Scintillator
$SPEC_REM:
DET# 5
DETDESC# JLAB-9 MCB 135
AP# Maestro Version 7.01
$DATE_MEA:
11/26/2018 15:19:37
$MEAS_TIM:
59 60
$DATA:
0 2047
       0
       0
       0
       0
       0
       0
       0
       0
       0
       0
       0
       0
       0
       0
       0
       0
       0
       0
       0
       0
       0
       0
       0
       0
       0
       0
       0
       0
       0
       0
       0
       0
       0
       0
       0
       0
       0
       0
       0
       0
       0
       0
       0
       0
       0
       0
       0
       0
       0
      14
      22
      21
      19
      26
      24
      17
      18
      13
      17
      23
      16
      17
      20
      26
      18
      24
      20
      18
      21
      26
      21
      30
      20
      17
      19
      19
      24
      19
      22
      27
      20
      19
      24
      24
      22
      17
      21
      30
      28
      22
      27
      23
      22
      23
      26
      31
      30
      18
      17
      25
      23
      28
      19
      25
      24
      30
      20
      26
      22
      27
      21
      26
      25
      18
      25
      24
      27
      32
      34
      22
      19
      26
      26
      21
      21
      43
      28
      22
      20
      19
      29
      19
      25
      36
      25
      22
      36
      25
      21
      29
      26
      30
      20
      24
      32
      28
      26
      29
      23
      24
      29
      28
      28
      25
      28
      22
      26
      27
      27
      34
      28
      25
      30
      33
      33
      28
      26
      23
      29
      24
      27
      20
      24
      37
      26
      30
      21
      30
      30
      31
      32
      35
      22
      30
      26
      33
      28
      36
      22
      38
      46
      33
      34
      25
      25
      26
      38
      32
      29
      36
      23
      27
      42
      35
      40
      34
      40
      33
      33
      46
      55
      32
      34
      41
      37
      50
      40
      48
      36
      36
      49
      34
      48
      31
      38
      57
      36
      44
      41
      51
      31
      50
      53
      43
      44
      42
      42
      34
      34
      41
      31
      49
      28
      40
      40
      49
      32
      51
      35
      39
      55
      44
      50
      44
      42
      48
      44
      45
      47
      54
      42
      56
      42
      38
      38
      39
      37
      42
      44
      38
      37
      50
      28
      48
      51
      41
      36
      30
      45
      37
      39
      31
      42
      34
      40
      44
      55
      40
      43
      41
      47
      33
      53
      48
      42
      34
      45
      42
      36
      34
      41
      57
      36
      41
      36
      41
      39
      35
      52
      45
      37
      46
      40
      46
      54
      43
      45
      56
      48
      46
      36
      49
      54
      30
      52
      52
      40
      47
      40
      51
      40
      45
      37
      33
      43
      43
      52
      46
      44
      35
      48
      46
      44
      45
      50
      42
      39
      58
      43
      38
      31
      34
      42
      48
      50
      61
      43
      50
      41
      36
      62
      41
      48
      50
      48
      39
      26
      42
      44
      48
      43
      33
      47
      51
      44
      41
      40
      31
      54
      43
      41
      54
      42
      51
      53
      33
      45
      44
      51
      37
      46
      49
      44
      41
      34
      42
      57
      38
      40
      32
      52
      41
      50
      49
      33
      54
      50
      45
      46
      45
      40
      35
      44
      39
      42
      42
      39
      41
      29
      35
      40
      37
      32
      50
      35
      37
      46
      38
      38
      53
      41
      44
      36
      37
      40
      40
      46
      47
      37
      37
      31
      31
      36
      26
      35
      36
      50
      49
      58
      38
      49
      41
      47
      38
      42
      61
      40
      29
      44
      34
      37
      46
      32
      29
      30
      39
      35
      40
      42
      34
      44
      42
      38
      54
      42
      51
      49
      44
      36
      43
      38
      48
      46
      39
      44
      48
      36
      51
      47
      29
      51
      40
      29
      27
      50
      31
      44
      53
      31
      39
      43
      45
      32
      51
      45
      30
      39
      46
      39
      47
      43
      45
      58
      38
      51
      37
      40
      45
      35
      59
      40
      43
      52
      42
      52
      45
      37
      52
      42
      42
      39
      38
      46
      35
      47
      44
      47
      49
      46
      39
      34
      40
      40
      41
      46
      43
      52
      38
      45
      39
      50
      47
      50
      37
      40
      46
      41
      46
      46
      42
      52
      37
      37
      43
      51
      40
      31
      48
      44
      49
      44
      33
      47
      46
      45
      30
      34
      41
      48
      48
      33
      43
      41
      46
      39
      46
      44
      40
      38
      40
      32
      37
      44
      41
      38
      43
      38
      35
      52
      40
      46
      39
      36
      33
      36
      41
      32
      34
      47
      56
      49
      35
      38
      47
      41
      33
      33
      45
      38
      43
      43
      45
      43
      34
      30
      31
      33
      46
      28
      29
      31
      37
      30
      32
      37
      37
      32
      32
      31
      34
      40
      35
      34
      32
      38
      40
      35
      47
      36
      36
      29
      38
      30
      39
      30
      30
      40
      36
      32
      31
      36
      26
      32
      30
      38
      37
      38
      40
      40
      36
      33
      32
      38
      31
      33
      37
      20
      36
      24
      31
      49
      49
      37
      31
      37
      28
      47
      37
      32
      20
      24
      34
      28
      29
      31
      27
      30
      32
      34
      44
      44
      34
      36
      33
      30
      27
      43
      37
      30
      29
      31
      36
      21
      24
      34
      32
      41
      21
      31
      33
      29
      37
      30
      32
      36
      27
      29
      27
      29
      25
      29
      30
      27
      29
      28
      35
      25
      32
      32
      37
      29
      33
      31
      38
      26
      37
      23
      34
      27
      30
      31
      33
      36
      32
      30
      41
      24
      28
      20
      22
      38
      36
      26
      27
      32
      37
      33
      21
      24
      28
      33
      30
      28
      26
      21
      34
      29
      22
      43
      28
      29
      29
      35
      26
      22
      28
      32
      24
      28
      31
      28
      39
      34
      20
      24
      22
      28
      25
      30
      32
      22
      26
      39
      25
      27
      24
      37
      32
      28
      22
      31
      22
      27
      26
      32
      30
      36
      31
      32
      24
      29
      36
      29
      28
      28
      38
      21
      33
      29
      24
      33
      33
      24
      21
      34
      28
      23
      26
      22
      20
      29
      39
      29
      30
      36
      21
      33
      33
      36
      32
      32
      26
      12
      21
      24
      19
      31
      32
      21
      33
      17
      32
      19
      28
      27
      35
      22
      24
      31
      23
      27
      17
      29
      15
      13
      24
      21
      26
      33
      25
      28
      24
      26
      39
      26
      31
      21
      24
      27
      25
      25
      18
      32
      32
      26
      39
      28
      31
      19
      30
      26
      23
      31
      27
      18
      24
      30
      30
      24
      25
      32
      20
      15
      26
      33
      20
      27
      23
      30
      23
      32
      33
      26
      17
      23
      26
      20
      24
      25
      32
      21
      33
      23
      32
      21
      38
      22
      23
      25
      29
      15
      17
      23
      31
      24
      17
      23
      26
      28
      36
      28
      26
      30
      24
      30
      25
      39
      21
      29
      27
      31
      22
      22
      29
      23
      22
      17
      30
      26
      29
      31
      26
      29
      28
      26
      20
      28
      26
      18
      30
      25
      26
      30
      29
      33
      19
      17
      22
      33
      24
      29
      22
      16
      17
      30
      31
      21
      31
      22
      36
      28
      27
      29
      34
      29
      22
      27
      25
      22
      17
      29
      26
      23
      25
      27
      35
      28
      20
      27
      19
      25
      32
      15
      24
      22
      23
      33
      23
      16
      22
      30
      28
      31
      29
      29
      40
      19
      26
      23
      19
      34
      23
      16
      24
      33
      23
      24
      31
      24
      18
      26
      28
      25
      20
      19
      34
      27
      21
      24
      21
      34
      26
      23
      30
      26
      24
      23
      28
      18
      33
      22
      30
      21
      28
      22
      23
      22
      22
      22
      33
      26
      27
      26
      17
      22
      14
      26
      30
      25
      22
      28
      23
      23
      31
      31
      20
      30
      26
      23
      34
      28
      29
      31
      30
      16
      21
      16
      24
      27
      20
      31
      34
      21
      42
      23
      29
      33
      30
      31
      28
      35
      15
      23
      27
      21
      29
      24
      20
      20
      18
      31
      25
      29
      27
      36
      25
      37
      29
      31
      23
      29
      27
      24
      28
      25
      23
      23
      21
      24
      36
      20
      26
      30
      26
      26
      33
      40
      24
      30
      23
      29
      24
      45
      23
      21
      26
      33
      29
      24
      19
      22
      25
      26
      21
      28
      25
      30
      20
      23
      28
      32
      23
      23
      21
      27
      26
      22
      18
      32
      27
      35
      37
      24
      22
      24
      25
      23
      22
      17
      17
      16
      21
      26
      21
      24
      21
      26
      31
      33
      19
      26
      20
      30
      23
      20
      25
      29
      28
      22
      15
      13
      33
      18
      22
      23
      20
      20
      23
      14
      25
      27
      18
      11
      15
      24
       9
      20
      35
      22
       9
      13
      19
      18
      25
      12
      13
      18
      16
      18
      25
      21
      25
      18
      17
      14
      20
      19
      20
      13
      12
      19
      15
      22
      17
      21
      12
      24
      17
      23
      22
      18
      11
      13
      14
      21
      19
      10
      15
      17
      16
      10
      12
      14
      12
      13
      20
       9
      20
      17
      13
      16
       8
      22
      30
      10
      15
      16
      16
      16
       8
      15
       9
      17
      13
       8
       9
      11
      11
      13
      11
      16
      11
      11
      17
      13
      12
      10
       9
       7
      10
      17
       8
      14
       9
      11
       7
      11
       8
      13
       8
      14
      11
      16
      16
      11
       8
      20
      13
       8
      12
      12
       9
       8
      14
      15
      12
      10
       9
       4
      13
       5
       9
       7
       6
      16
      12
       8
      10
      13
       7
       8
      12
      11
      10
       9
      12
      18
       9
      15
      10
      12
       8
       5
       9
       9
      11
       6
      10
      10
      15
       5
      13
      13
       9
      10
       7
       7
      11
      12
       8
      10
       6
       8
       8
      13
       8
       9
      14
      15
       7
       9
      10
      12
      10
      12
       7
       6
       8
       8
      10
      11
       8
       7
       9
       9
      10
       6
      10
       4
       8
      12
       6
       5
      10
       8
      12
       8
       3
       9
       7
       8
       3
       7
       8
      10
      12
      16
       7
      10
       3
       9
       8
       6
       5
       8
       8
       8
       7
       7
       9
       9
       8
      14
       8
      11
       8
       8
       5
       7
       6
       6
       7
       4
       5
      11
       7
       6
       5
       8
       7
      11
      15
      11
       4
      11
       3
      10
       4
       9
       8
       9
      12
       9
      14
       9
       7
      11
       6
       8
      12
      13
      13
       8
      12
       4
      11
      11
      12
       8
       8
      10
      11
       7
       8
       9
       4
       6
       3
       7
      11
      11
      13
       7
       9
      14
       2
      14
       8
      11
      10
       8
      11
       4
      11
       7
       2
       8
       2
       7
      10
      10
       7
       5
       7
       6
      15
       6
      12
       8
       7
       3
       9
      15
      11
      10
       7
      10
      10
      11
      14
       8
       8
       3
       4
       9
      11
       9
       3
      10
      10
       8
       6
       9
      11
      10
      11
      12
      16
      13
       7
       9
      14
      11
      14
      12
      10
      11
       6
       3
       8
       8
       9
      10
      12
       9
       8
      13
       4
      11
      13
       9
      11
       8
       7
      10
       9
       8
      10
      10
       7
       6
       9
      14
      10
      10
       9
      10
      16
      10
      12
      10
      10
       7
      14
      12
      11
      14
      12
      11
      12
      17
      18
      15
      19
      16
       9
      13
      10
      15
      12
      19
      19
      14
      22
      19
      26
      18
      16
      18
      18
      30
      24
      22
      23
      23
      13
      25
      24
      17
      24
      19
      27
      25
      26
      36
      28
      24
      34
      21
      22
      36
      36
      35
      38
      34
      29
      47
      30
      45
      42
      39
      31
      31
      52
      43
      48
      43
      52
      57
      61
      53
      54
      51
      58
      48
      48
      50
      66
      41
      53
      65
      73
      58
      59
      67
      84
      86
      73
      66
      79
      74
      68
      79
      72
      76
      77
      80
      71
      90
      83
      90
      94
      79
      83
     108
     104
      92
      85
      85
      93
     116
     111
     100
     104
     128
     126
     113
     105
     114
     109
     113
     119
     118
     110
     146
     114
     118
     127
     120
     110
     117
     124
     118
     120
     138
     121
     134
     121
     107
     118
     126
     126
     135
     144
     141
     137
     120
     141
     139
     153
     129
     139
     120
     132
     116
     130
     148
     118
     124
     138
     103
     130
     151
     143
     146
     145
     110
     146
     118
     120
     130
     130
     121
     146
     133
     113
     121
     132
     122
     114
     126
     141
     133
     125
      99
     111
     113
     114
     119
     110
     106
     105
      94
     120
     104
      94
     111
      99
     102
      87
      91
      85
      89
      80
      80
      95
      82
      75
      79
      71
      72
      71
      76
      97
      61
      58
      68
      56
      62
      64
      74
      60
      68
      63
      46
      56
      35
      53
      42
      61
      50
      46
      44
      32
      37
      41
      39
      36
      35
      28
      37
      24
      30
      27
      40
      26
      23
      29
      17
      27
      27
      23
      16
      13
      15
      17
      13
      19
      16
      13
      19
      14
      10
      13
      10
       8
      14
       9
      10
       9
       5
      10
       5
      20
       8
      11
       5
       6
       5
       9
       2
       5
       5
       6
       6
       4
       2
       5
       6
       3
       3
       4
       2
       7
       4
       2
       4
       3
       7
       4
       0
       2
       1
       5
       2
       2
       3
       0
       2
       3
       1
       4
       3
       2
       2
       0
       1
       0
       3
       1
       3
       6
       1
       2
       2
       1
       1
       3
       1
       2
       0
       3
       1
       0
       0
       2
       2
       2
       2
       0
       1
       2
       0
       1
       0
       3
       0
       1
       0
       2
       3
       1
       0
       0
       3
       0
       2
       0
       0
       1
       2
       1
       3
       0
       1
       0
       1
       0
       2
       1
       1
       1
       3
       0
       1
       2
       1
       0
       1
       1
       0
       1
       1
       1
       1
       2
       2
       2
       0
       1
       1
       0
       1
       1
       2
       0
       1
       1
       1
       1
       3
       2
       1
       0
       1
       2
       0
       0
       0
       0
       0
       0
       0
       0
       0
       0
       0
       0
       0
       0
       0
       0
       0
       0
       0
       0
       0
       0
       0
       0
       0
       0
       0
       0
       0
       0
       0
       0
$ROI:
1
780 965
$PRESETS:
Real Time
60
0
$ENER_FIT:
0.000000 0.630393
$MCA_CAL:
3
0.000000E+000 6.303934E-001 0.000000E+000 keV
$SHAPE_CAL:
3
3.727226E+001 0.000000E+000 0.000000E+000
