$SPEC_ID:
Moving Scintillator
$SPEC_REM:
DET# 5
DETDESC# JLAB-9 MCB 135
AP# Maestro Version 7.01
$DATE_MEA:
11/26/2018 15:11:36
$MEAS_TIM:
58 60
$DATA:
0 2047
       0
       0
       0
       0
       0
       0
       0
       0
       0
       0
       0
       0
       0
       0
       0
       0
       0
       0
       0
       0
       0
       0
       0
       0
       0
       0
       0
       0
       0
       0
       0
       0
       0
       0
       0
       0
       0
       0
       0
       0
       0
       0
       0
       0
       0
       0
       0
       0
       0
      19
      24
      29
      32
      32
      29
      31
      33
      25
      37
      26
      23
      29
      26
      28
      40
      25
      24
      27
      28
      28
      32
      24
      30
      37
      21
      32
      35
      35
      33
      31
      29
      30
      32
      39
      36
      32
      34
      26
      32
      32
      34
      40
      25
      31
      36
      40
      39
      42
      43
      32
      34
      36
      35
      34
      30
      36
      33
      31
      30
      29
      37
      31
      21
      24
      35
      28
      23
      32
      27
      32
      46
      37
      27
      39
      33
      41
      35
      38
      29
      28
      35
      47
      39
      39
      35
      29
      37
      36
      33
      29
      41
      46
      30
      34
      31
      38
      32
      32
      41
      46
      39
      36
      38
      30
      33
      32
      33
      43
      38
      33
      39
      43
      42
      32
      38
      30
      41
      32
      32
      44
      44
      39
      31
      44
      43
      41
      42
      26
      45
      38
      45
      47
      39
      34
      45
      37
      38
      42
      40
      46
      45
      43
      50
      47
      45
      38
      48
      36
      54
      42
      38
      48
      43
      38
      46
      34
      49
      48
      44
      45
      54
      40
      63
      55
      53
      43
      51
      58
      67
      55
      40
      56
      72
      49
      62
      54
      60
      57
      61
      49
      51
      63
      56
      56
      57
      58
      50
      38
      61
      49
      44
      50
      54
      44
      50
      64
      36
      51
      45
      55
      61
      62
      49
      61
      51
      51
      39
      63
      63
      47
      52
      35
      55
      50
      62
      57
      63
      68
      47
      56
      51
      61
      44
      59
      55
      55
      39
      64
      52
      47
      54
      45
      48
      44
      54
      60
      48
      47
      52
      59
      47
      52
      48
      52
      43
      58
      55
      41
      61
      61
      59
      72
      42
      40
      61
      58
      49
      42
      51
      59
      52
      59
      50
      47
      48
      56
      42
      54
      54
      65
      45
      57
      49
      65
      63
      46
      55
      51
      45
      56
      52
      59
      52
      59
      61
      43
      42
      54
      56
      56
      60
      60
      64
      59
      53
      59
      48
      54
      48
      64
      61
      54
      59
      45
      47
      51
      46
      52
      55
      43
      44
      48
      62
      53
      57
      76
      48
      47
      63
      62
      47
      69
      49
      48
      50
      60
      55
      43
      50
      42
      59
      60
      52
      45
      42
      56
      67
      65
      38
      51
      57
      55
      58
      53
      37
      59
      48
      48
      62
      60
      55
      39
      56
      52
      42
      46
      41
      54
      54
      59
      51
      49
      48
      58
      59
      54
      61
      51
      50
      51
      58
      56
      48
      49
      62
      52
      48
      50
      49
      33
      45
      52
      44
      52
      41
      51
      47
      56
      66
      60
      61
      48
      55
      55
      54
      46
      49
      60
      41
      57
      62
      61
      56
      53
      59
      46
      58
      44
      45
      53
      49
      63
      56
      58
      51
      58
      51
      61
      40
      42
      45
      50
      39
      63
      65
      47
      57
      49
      57
      49
      46
      45
      58
      62
      54
      44
      43
      58
      40
      47
      57
      47
      56
      49
      45
      56
      45
      54
      36
      44
      59
      59
      56
      44
      57
      47
      61
      68
      58
      36
      43
      65
      44
      65
      64
      53
      59
      58
      49
      60
      59
      62
      61
      69
      70
      60
      64
      55
      55
      72
      52
      52
      56
      50
      47
      71
      58
      53
      65
      59
      69
      51
      41
      60
      53
      63
      60
      54
      57
      52
      64
      74
      55
      59
      54
      51
      55
      73
      53
      51
      77
      44
      52
      56
      61
      60
      61
      60
      53
      64
      56
      64
      59
      56
      46
      56
      64
      58
      60
      60
      50
      68
      57
      52
      67
      50
      47
      56
      59
      56
      51
      51
      65
      55
      61
      54
      44
      59
      48
      47
      53
      60
      46
      48
      54
      54
      57
      55
      53
      42
      51
      45
      40
      56
      48
      47
      50
      52
      45
      53
      60
      53
      47
      50
      41
      49
      45
      45
      51
      42
      50
      48
      51
      50
      53
      51
      49
      41
      50
      49
      43
      62
      52
      50
      51
      52
      54
      47
      47
      53
      39
      44
      42
      44
      56
      51
      53
      39
      40
      39
      51
      34
      51
      54
      55
      39
      50
      55
      50
      48
      54
      57
      42
      48
      42
      47
      56
      48
      49
      41
      45
      44
      56
      54
      54
      42
      50
      44
      41
      40
      61
      44
      37
      52
      44
      47
      39
      55
      36
      35
      34
      41
      40
      41
      37
      39
      42
      44
      46
      52
      40
      46
      51
      43
      42
      48
      37
      42
      45
      45
      47
      35
      39
      42
      36
      30
      34
      36
      40
      48
      42
      38
      40
      45
      38
      43
      33
      42
      28
      37
      34
      35
      38
      39
      46
      40
      42
      40
      46
      42
      53
      45
      34
      37
      34
      41
      47
      42
      37
      48
      56
      48
      32
      49
      44
      39
      36
      49
      38
      42
      40
      47
      40
      31
      44
      36
      41
      26
      35
      47
      47
      43
      39
      38
      51
      31
      49
      39
      55
      30
      32
      32
      42
      35
      44
      47
      44
      40
      43
      33
      42
      40
      37
      50
      34
      39
      48
      47
      32
      34
      45
      30
      35
      39
      51
      40
      38
      31
      35
      41
      39
      48
      32
      45
      39
      35
      37
      32
      38
      29
      34
      44
      46
      27
      33
      42
      36
      37
      30
      30
      38
      44
      45
      51
      45
      39
      30
      44
      41
      36
      43
      40
      40
      44
      33
      28
      37
      33
      38
      38
      41
      40
      40
      33
      26
      38
      41
      41
      34
      30
      44
      30
      36
      26
      29
      42
      40
      28
      39
      33
      35
      38
      34
      45
      36
      43
      38
      48
      38
      39
      28
      22
      33
      34
      32
      37
      52
      29
      32
      34
      36
      50
      37
      45
      42
      40
      31
      44
      27
      39
      39
      28
      38
      32
      31
      29
      33
      38
      33
      42
      42
      34
      37
      42
      29
      41
      27
      31
      44
      33
      42
      30
      31
      33
      32
      29
      43
      42
      42
      30
      33
      36
      29
      31
      35
      38
      38
      28
      27
      46
      28
      31
      46
      33
      34
      38
      39
      39
      40
      44
      50
      29
      32
      27
      45
      41
      43
      38
      45
      42
      25
      44
      39
      42
      44
      38
      31
      34
      34
      48
      42
      41
      37
      34
      38
      34
      40
      47
      34
      43
      32
      48
      32
      43
      41
      40
      41
      32
      35
      42
      30
      35
      42
      32
      47
      32
      39
      42
      38
      28
      39
      34
      33
      35
      27
      42
      32
      35
      32
      24
      36
      39
      43
      38
      36
      44
      46
      32
      44
      38
      38
      40
      34
      35
      40
      36
      25
      38
      38
      52
      44
      36
      33
      48
      47
      25
      39
      40
      30
      40
      35
      17
      37
      39
      44
      44
      44
      46
      38
      47
      31
      40
      32
      37
      27
      35
      47
      30
      37
      42
      38
      37
      44
      45
      34
      42
      39
      41
      36
      35
      42
      35
      36
      38
      39
      43
      30
      37
      29
      35
      39
      38
      30
      32
      43
      31
      40
      35
      36
      36
      20
      34
      25
      37
      31
      35
      46
      27
      43
      33
      41
      29
      37
      40
      39
      35
      34
      42
      34
      44
      26
      30
      36
      40
      37
      31
      49
      31
      48
      28
      39
      37
      36
      25
      35
      50
      37
      35
      50
      34
      36
      30
      38
      37
      48
      28
      36
      33
      39
      36
      29
      40
      26
      43
      35
      47
      47
      40
      56
      38
      45
      35
      34
      39
      35
      31
      40
      33
      30
      31
      44
      41
      40
      35
      36
      47
      30
      46
      40
      44
      43
      40
      31
      26
      49
      44
      39
      43
      33
      31
      36
      39
      33
      27
      40
      49
      37
      39
      40
      30
      41
      38
      40
      40
      32
      27
      35
      39
      28
      32
      33
      35
      34
      38
      27
      36
      36
      37
      27
      28
      33
      35
      33
      38
      37
      23
      32
      25
      20
      24
      33
      35
      38
      25
      36
      40
      32
      26
      25
      47
      28
      33
      28
      37
      24
      22
      28
      29
      23
      29
      32
      28
      28
      21
      38
      26
      21
      25
      22
      24
      33
      35
      23
      29
      36
      30
      23
      24
      20
      29
      18
      19
      32
      20
      19
      23
      23
      18
      32
      18
      24
      20
      16
      30
      15
      21
      18
      20
      17
      15
      18
      20
      13
      22
      18
      18
      17
      15
      20
      28
      16
      17
      16
      16
      14
      26
      20
      20
      17
      14
      19
      17
      24
      14
      15
      18
      24
      14
      13
      15
      18
      15
      16
      18
      15
      17
      17
      16
      24
      27
      11
      24
      18
      15
      13
      14
      10
      16
      14
      18
      11
      13
      18
      10
      11
      15
      15
      15
      12
      22
      13
      14
      18
      14
      19
      13
      14
      10
       7
      17
      13
      13
      18
      18
      12
      25
      13
      15
      18
      13
      18
       9
      12
      10
      14
      10
      14
      19
      10
      15
      14
      14
      11
      11
      20
      12
       7
      14
      15
      14
      13
      11
      13
      11
      14
      14
      11
      11
      11
      12
      11
      17
      17
      18
       9
      11
      15
      11
       7
      14
       8
      14
      18
      14
      11
       5
      14
      14
      21
      10
      13
      12
      14
      10
      10
      13
      14
      12
      13
      15
      15
       9
      14
      11
      10
       7
      13
      12
      10
       9
      13
      16
      12
      10
      16
      21
      12
      15
       8
       5
      15
      10
      12
      11
       9
      17
      14
       5
      14
       9
      14
      22
       9
      12
      17
       9
      17
       8
      11
      12
      15
      10
      11
      13
       9
      15
      13
      12
      11
      10
       5
       5
      23
       8
      14
      13
      11
      10
      13
      12
      11
      12
       8
      13
      11
      18
      12
      14
      14
       7
      10
       9
      16
       8
      16
      14
      10
      17
      20
      14
      13
      11
      12
       8
      12
      13
      10
      17
       9
      12
      15
      15
      10
       7
      11
       9
       6
      13
      12
      10
      11
       9
      11
      19
       6
      14
       9
       5
      11
      10
       5
      14
       9
      10
      11
      11
      16
      12
       9
      17
      21
      14
       6
      17
       9
       7
      11
      13
      10
      15
      12
      16
      12
      22
      15
      18
      15
      14
      14
      14
      13
       9
      11
      17
      13
      11
      18
      15
       9
      12
      13
      10
      12
      14
      15
      15
      14
      11
      16
      10
      16
      12
      20
      17
      20
      15
      17
      10
      17
      17
       7
      12
      20
      15
      14
      12
      12
      12
      10
      16
      23
      15
      21
      19
      22
      19
      24
      19
      22
      19
      12
      30
      29
      13
      14
      28
      27
      24
      22
      26
      24
      17
      24
      22
      20
      27
      33
      30
      35
      26
      21
      29
      31
      20
      27
      31
      30
      47
      27
      35
      35
      28
      51
      56
      43
      50
      43
      41
      47
      42
      38
      29
      47
      42
      58
      44
      46
      62
      65
      46
      57
      66
      71
      67
      65
      79
      62
      68
      75
      54
      77
      87
      65
      87
      76
      70
      99
      79
      90
      85
     100
      78
      93
      99
      98
      94
      86
     117
     113
      92
      98
     109
     103
     125
     110
     115
     132
     123
     113
     140
     126
     134
     136
     139
     137
     129
     136
     137
     129
     150
     132
     159
     153
     167
     136
     157
     162
     158
     166
     162
     166
     168
     168
     158
     176
     179
     167
     179
     177
     207
     181
     198
     194
     187
     205
     194
     198
     194
     220
     197
     222
     174
     208
     206
     210
     230
     162
     208
     221
     198
     203
     221
     197
     222
     211
     205
     203
     189
     192
     205
     186
     185
     195
     194
     178
     206
     209
     189
     187
     181
     235
     193
     173
     186
     185
     168
     217
     195
     209
     163
     176
     180
     184
     205
     172
     185
     164
     169
     157
     146
     144
     155
     157
     125
     144
     146
     152
     150
     131
     142
     132
     138
     139
     131
     127
     129
     113
     114
     134
     123
     112
     117
     106
     104
     106
      76
     101
     103
     100
      92
      92
      81
      88
      91
      81
      80
      86
      70
      63
      81
      71
      70
      67
      57
      55
      59
      52
      58
      51
      52
      66
      49
      51
      42
      41
      45
      48
      31
      29
      36
      31
      29
      40
      33
      28
      19
      29
      28
      28
      23
      14
      19
      22
      19
      16
      13
      16
      25
      18
      10
       7
      14
      14
      11
      11
       8
       9
      12
      10
      18
      10
       7
       5
       5
       8
       9
       7
       7
      10
       2
       6
       8
       7
       4
       8
      10
       2
       7
       2
       4
       4
       1
       1
       5
       1
       3
       4
       1
       1
       1
       2
       2
       2
       2
       1
       1
       1
       1
       2
       2
       2
       1
       3
       1
       2
       2
       0
       1
       4
       4
       1
       1
       1
       3
       2
       1
       1
       0
       2
       2
       0
       3
       1
       1
       1
       2
       1
       0
       2
       2
       0
       0
       2
       1
       1
       1
       2
       2
       3
       1
       3
       3
       1
       3
       2
       1
       3
       2
       2
       2
       1
       4
       1
       2
       1
       0
       1
       2
       0
       2
       2
       1
       1
       0
       0
       2
       0
       0
       2
       1
       3
       2
       1
       4
       2
       2
       1
       1
       2
       1
       1
       2
       0
       2
       0
       0
       0
       0
       0
       0
       0
       0
       0
       0
       0
       0
       0
       0
       0
       0
       0
       0
       0
       0
       0
       0
       0
       0
       0
       0
       0
       0
       0
       0
       0
       0
       0
       0
$ROI:
1
780 965
$PRESETS:
Real Time
60
0
$ENER_FIT:
0.000000 0.630393
$MCA_CAL:
3
0.000000E+000 6.303934E-001 0.000000E+000 keV
$SHAPE_CAL:
3
3.727226E+001 0.000000E+000 0.000000E+000
