$SPEC_ID:
Moving Scintillator
$SPEC_REM:
DET# 5
DETDESC# JLAB-9 MCB 135
AP# Maestro Version 7.01
$DATE_MEA:
11/26/2018 15:09:37
$MEAS_TIM:
58 60
$DATA:
0 2047
       0
       0
       0
       0
       0
       0
       0
       0
       0
       0
       0
       0
       0
       0
       0
       0
       0
       0
       0
       0
       0
       0
       0
       0
       0
       0
       0
       0
       0
       0
       0
       0
       0
       0
       0
       0
       0
       0
       0
       0
       0
       0
       0
       0
       0
       0
       0
       0
       0
      23
      31
      24
      25
      27
      37
      23
      33
      31
      17
      25
      26
      30
      25
      34
      31
      27
      26
      24
      36
      27
      32
      30
      30
      26
      28
      35
      36
      30
      34
      48
      30
      33
      25
      33
      33
      27
      20
      35
      33
      35
      31
      31
      35
      26
      36
      33
      29
      37
      27
      30
      33
      27
      31
      25
      32
      37
      46
      37
      38
      30
      28
      35
      29
      37
      36
      32
      34
      30
      28
      45
      26
      37
      45
      38
      37
      31
      37
      32
      34
      30
      39
      42
      27
      25
      39
      39
      33
      27
      39
      29
      38
      34
      47
      41
      31
      31
      44
      43
      39
      35
      46
      40
      42
      41
      38
      30
      34
      34
      28
      43
      35
      30
      44
      49
      39
      28
      35
      46
      32
      37
      46
      43
      49
      37
      38
      40
      30
      47
      48
      25
      41
      45
      33
      44
      31
      42
      43
      49
      46
      33
      42
      29
      42
      42
      40
      37
      42
      33
      40
      39
      64
      42
      39
      43
      44
      50
      33
      38
      51
      53
      52
      54
      40
      51
      53
      44
      55
      37
      51
      60
      59
      68
      52
      43
      52
      52
      56
      35
      36
      64
      66
      46
      59
      56
      44
      54
      52
      56
      59
      57
      54
      59
      46
      41
      64
      55
      33
      57
      54
      48
      59
      57
      48
      45
      52
      54
      54
      53
      52
      37
      42
      55
      64
      54
      51
      48
      45
      57
      49
      54
      49
      40
      48
      54
      60
      50
      61
      52
      54
      47
      51
      47
      60
      47
      53
      52
      47
      60
      34
      49
      51
      45
      50
      56
      44
      49
      48
      50
      49
      56
      32
      60
      53
      58
      52
      46
      57
      52
      55
      45
      48
      53
      46
      44
      48
      49
      48
      63
      47
      42
      62
      42
      54
      59
      65
      55
      52
      53
      48
      54
      60
      47
      57
      51
      61
      54
      55
      73
      49
      60
      50
      64
      53
      53
      47
      61
      53
      48
      62
      51
      48
      51
      41
      48
      50
      55
      46
      57
      73
      52
      63
      57
      54
      59
      39
      54
      49
      48
      46
      53
      56
      54
      40
      51
      58
      62
      66
      50
      50
      74
      56
      38
      54
      51
      44
      47
      50
      57
      67
      48
      64
      63
      54
      52
      49
      45
      56
      55
      60
      60
      52
      54
      49
      50
      50
      46
      53
      48
      44
      49
      53
      44
      64
      71
      50
      51
      37
      39
      41
      50
      47
      61
      50
      52
      54
      34
      56
      39
      42
      47
      55
      59
      54
      65
      44
      43
      45
      48
      54
      48
      46
      50
      57
      53
      52
      60
      50
      58
      59
      44
      45
      48
      49
      53
      52
      37
      44
      51
      47
      39
      46
      52
      64
      49
      58
      63
      53
      42
      50
      57
      49
      59
      57
      50
      57
      57
      51
      47
      48
      43
      37
      58
      54
      59
      58
      48
      62
      50
      60
      53
      42
      52
      59
      63
      58
      60
      70
      51
      49
      62
      53
      65
      52
      58
      61
      58
      55
      57
      52
      52
      61
      48
      64
      57
      66
      56
      48
      62
      42
      48
      56
      51
      64
      57
      50
      67
      47
      68
      73
      59
      53
      66
      54
      61
      64
      61
      70
      60
      60
      53
      59
      69
      70
      49
      62
      55
      51
      55
      58
      59
      64
      62
      61
      57
      67
      52
      58
      58
      56
      53
      67
      62
      67
      53
      57
      43
      56
      54
      54
      49
      54
      71
      73
      57
      51
      50
      56
      69
      57
      47
      65
      51
      56
      58
      59
      65
      57
      59
      51
      51
      43
      57
      51
      58
      63
      62
      63
      48
      56
      49
      41
      51
      51
      51
      53
      56
      59
      55
      52
      56
      52
      53
      55
      53
      50
      53
      50
      65
      45
      56
      46
      48
      44
      65
      60
      46
      71
      38
      44
      56
      47
      49
      51
      47
      55
      54
      56
      47
      50
      48
      59
      42
      34
      47
      45
      60
      51
      35
      47
      52
      47
      43
      57
      48
      40
      42
      46
      42
      34
      52
      50
      48
      46
      53
      52
      45
      53
      62
      58
      48
      45
      46
      44
      46
      49
      45
      38
      57
      48
      45
      46
      41
      54
      51
      39
      47
      50
      53
      49
      43
      53
      43
      42
      32
      53
      50
      44
      55
      36
      39
      41
      43
      59
      52
      45
      38
      41
      42
      46
      46
      33
      33
      32
      44
      48
      44
      46
      40
      30
      38
      47
      41
      51
      42
      41
      45
      46
      44
      40
      39
      60
      42
      41
      37
      38
      42
      39
      38
      29
      42
      37
      40
      38
      54
      48
      45
      40
      41
      38
      39
      33
      45
      36
      39
      40
      52
      41
      34
      51
      38
      41
      45
      33
      51
      36
      47
      31
      49
      50
      38
      31
      52
      38
      38
      27
      24
      33
      36
      38
      41
      47
      40
      36
      41
      32
      49
      43
      45
      55
      36
      42
      35
      38
      41
      43
      37
      43
      24
      43
      36
      32
      37
      28
      42
      50
      39
      34
      31
      39
      51
      31
      30
      46
      44
      29
      35
      39
      40
      48
      41
      36
      33
      39
      33
      43
      43
      34
      36
      33
      38
      36
      50
      42
      50
      35
      42
      43
      47
      35
      34
      35
      37
      47
      43
      29
      36
      31
      44
      32
      35
      44
      35
      19
      40
      42
      30
      30
      40
      48
      48
      49
      41
      36
      38
      31
      34
      46
      37
      32
      42
      32
      39
      36
      35
      28
      30
      46
      42
      36
      40
      35
      41
      37
      34
      34
      40
      40
      25
      43
      40
      39
      48
      38
      32
      45
      30
      43
      38
      46
      46
      43
      30
      36
      31
      51
      41
      49
      40
      27
      35
      41
      31
      38
      30
      39
      39
      36
      32
      39
      40
      43
      41
      28
      44
      49
      36
      39
      22
      37
      34
      33
      39
      37
      33
      38
      27
      41
      39
      43
      41
      47
      39
      34
      36
      31
      47
      33
      31
      31
      42
      44
      33
      26
      36
      52
      32
      41
      34
      29
      37
      50
      36
      33
      42
      43
      53
      42
      40
      27
      31
      33
      35
      38
      40
      34
      33
      37
      47
      32
      36
      43
      42
      35
      39
      41
      40
      34
      44
      29
      57
      38
      43
      42
      33
      38
      39
      33
      33
      29
      44
      39
      53
      27
      34
      38
      43
      31
      42
      39
      35
      38
      43
      39
      26
      42
      38
      30
      36
      36
      35
      45
      39
      29
      36
      28
      47
      41
      42
      38
      56
      30
      36
      36
      41
      31
      29
      29
      40
      44
      37
      44
      38
      23
      38
      29
      36
      36
      30
      36
      40
      38
      39
      39
      29
      38
      37
      35
      33
      53
      44
      29
      43
      34
      43
      46
      43
      35
      35
      43
      37
      36
      25
      54
      23
      40
      35
      34
      34
      35
      55
      44
      40
      41
      39
      32
      33
      36
      51
      52
      45
      36
      37
      39
      51
      36
      31
      33
      49
      41
      26
      27
      26
      28
      43
      26
      35
      34
      33
      38
      41
      43
      39
      44
      38
      36
      25
      37
      47
      36
      39
      37
      22
      28
      35
      35
      35
      44
      22
      39
      46
      46
      41
      37
      31
      39
      52
      45
      44
      40
      31
      50
      45
      40
      39
      33
      27
      47
      42
      40
      41
      35
      37
      32
      38
      34
      32
      37
      26
      38
      40
      31
      37
      39
      37
      41
      41
      43
      29
      34
      42
      36
      32
      44
      32
      34
      37
      57
      39
      50
      33
      39
      41
      39
      37
      39
      44
      37
      29
      32
      37
      36
      38
      40
      32
      29
      43
      33
      35
      36
      48
      45
      40
      35
      39
      44
      36
      38
      41
      40
      23
      38
      41
      34
      26
      37
      40
      39
      38
      30
      30
      31
      34
      32
      38
      38
      35
      30
      33
      26
      33
      43
      35
      37
      28
      30
      31
      31
      27
      29
      28
      35
      27
      29
      29
      35
      32
      28
      21
      25
      23
      33
      25
      27
      31
      26
      21
      22
      30
      24
      22
      28
      25
      24
      27
      13
      25
      19
      19
      21
      25
      18
      27
      26
      28
      23
      22
      28
      23
      21
      16
      26
      18
      27
      16
      12
      20
      19
      21
      25
      17
      17
      20
      17
      15
      18
      14
      18
      19
      17
      22
      16
      13
      25
      22
      29
      19
      13
      25
      22
      17
      14
      19
      20
      14
      17
      17
      16
      18
      12
      24
      13
      21
       4
      17
      17
      18
      19
      17
      11
      21
      11
      21
      16
      18
      18
      14
      25
      12
      13
      21
      14
      10
      15
      17
      13
      15
      19
      23
      13
      10
      16
      20
      10
      19
      22
      11
      23
      16
       8
      18
      18
      15
      21
      13
      20
      20
      10
      14
      15
      16
      15
      13
      12
      17
      22
      11
      12
      11
      12
      14
      11
       9
      16
      16
       9
       8
       8
      12
      12
      13
      12
      10
      13
       9
      14
      10
      16
       9
      10
      15
      10
      13
      12
       7
      12
      22
       8
       4
      10
       9
      10
       6
      11
      16
      10
      14
      16
      12
       7
      25
      10
      13
      10
       5
       7
       8
      16
      10
      10
      16
      13
      18
       9
      20
       8
      13
      13
      10
      15
      14
       6
       8
      17
      14
      12
      15
       9
       6
       9
      15
       8
      12
      14
      17
      14
      13
      12
      14
       7
      11
      10
       5
       8
      11
       7
      16
       7
      10
      14
      14
       8
       8
      12
      11
      15
       9
       8
      12
       7
      12
      19
      13
      18
      17
      13
       4
      13
      11
       5
      13
       9
      12
       9
      13
       8
       7
       8
      12
      16
      18
      10
       6
      21
      14
      18
      19
      15
      11
      12
      10
      19
      16
      14
       8
       7
      10
      14
      14
       6
      14
      16
      11
      18
      11
      15
      12
      15
      12
      11
      13
      11
      17
       9
       7
       9
      10
       7
      14
       8
      10
      13
      17
      11
       9
      15
      15
      10
      15
      11
      16
      15
       6
      13
       9
      12
      12
       9
      11
      12
      15
      15
      10
      14
      13
      12
      12
       7
      10
      12
      12
      15
      23
      17
      10
      16
       7
      11
       7
      20
      20
      14
      14
      12
      15
      18
      20
      13
      12
      12
      14
      16
      11
      16
      16
      14
      17
      14
      16
      16
      20
      18
       8
      12
      12
      15
      20
      11
      14
      17
      19
      23
      19
      19
      14
      22
      12
      13
      13
      17
      18
      22
      20
      20
      17
      26
      21
      22
      21
      18
      15
      20
      27
      24
      25
      25
      25
      26
      17
      23
      29
      28
      25
      30
      39
      20
      36
      46
      34
      35
      29
      40
      38
      34
      40
      39
      44
      33
      42
      37
      54
      39
      46
      54
      50
      49
      46
      43
      62
      53
      54
      54
      62
      74
      63
      44
      73
      65
      61
      52
      63
      76
      71
      74
      77
      77
      66
      90
      85
      82
      90
      88
      95
      91
      90
      79
      93
     108
     103
     122
      96
     117
     114
     105
     121
     141
     124
     134
     116
     114
     121
     106
     113
     119
     145
     131
     145
     142
     123
     140
     159
     163
     143
     144
     149
     173
     157
     150
     154
     164
     181
     170
     182
     179
     179
     185
     161
     191
     190
     179
     175
     177
     178
     217
     189
     185
     190
     192
     176
     194
     164
     200
     216
     222
     218
     208
     216
     201
     203
     194
     213
     205
     219
     207
     204
     217
     223
     209
     205
     185
     190
     204
     193
     219
     208
     223
     185
     180
     178
     181
     205
     197
     171
     200
     194
     183
     177
     187
     161
     209
     162
     166
     175
     182
     161
     161
     159
     156
     166
     170
     147
     171
     163
     148
     140
     137
     151
     128
     164
     140
     159
     136
     149
     127
     140
     121
     129
     118
     113
     129
     101
     113
     120
     118
     132
      85
      91
     104
      90
     105
      81
      95
      90
      88
      88
      80
      61
      75
      74
      87
      69
      72
      69
      60
      58
      62
      65
      53
      50
      57
      42
      40
      53
      39
      39
      52
      42
      31
      33
      44
      22
      37
      28
      23
      20
      34
      36
      26
      22
      24
      24
      23
      22
      21
      27
      23
      15
      25
      15
      12
      13
      13
       8
      14
      20
      14
      15
       6
      13
       8
      12
      11
       9
       5
       4
      12
       6
       5
       4
       4
       5
       5
       6
       7
       6
       6
       7
       2
       4
       1
       3
       4
       3
       2
       4
       3
       3
       4
       3
       5
       3
       3
       3
       3
       3
       1
       6
       2
       1
       1
       3
       5
       1
       1
       8
       1
       2
       1
       3
       4
       1
       1
       0
       0
       4
       1
       1
       2
       1
       0
       0
       2
       0
       2
       1
       4
       0
       0
       1
       2
       0
       1
       1
       2
       1
       0
       1
       3
       1
       4
       3
       2
       2
       2
       3
       2
       2
       2
       1
       1
       0
       2
       2
       4
       0
       2
       2
       4
       2
       1
       3
       1
       1
       1
       1
       0
       3
       3
       4
       0
       1
       3
       2
       2
       0
       1
       0
       0
       2
       1
       0
       1
       2
       1
       1
       0
       0
       0
       0
       0
       0
       0
       0
       0
       0
       0
       0
       0
       0
       0
       0
       0
       0
       0
       0
       0
       0
       0
       0
       0
       0
       0
       0
       0
       0
       0
       0
       0
       0
$ROI:
1
780 965
$PRESETS:
Real Time
60
0
$ENER_FIT:
0.000000 0.630393
$MCA_CAL:
3
0.000000E+000 6.303934E-001 0.000000E+000 keV
$SHAPE_CAL:
3
3.727226E+001 0.000000E+000 0.000000E+000
