$SPEC_ID:
Moving Scintillator
$SPEC_REM:
DET# 5
DETDESC# JLAB-9 MCB 135
AP# Maestro Version 7.01
$DATE_MEA:
11/26/2018 14:59:49
$MEAS_TIM:
58 60
$DATA:
0 2047
       0
       0
       0
       0
       0
       0
       0
       0
       0
       0
       0
       0
       0
       0
       0
       0
       0
       0
       0
       0
       0
       0
       0
       0
       0
       0
       0
       0
       0
       0
       0
       0
       0
       0
       0
       0
       0
       0
       0
       0
       0
       0
       0
       0
       0
       0
       0
       0
       0
      29
      32
      34
      43
      29
      34
      46
      36
      38
      40
      28
      30
      46
      35
      32
      36
      38
      33
      40
      31
      40
      43
      41
      36
      29
      36
      38
      46
      38
      31
      37
      42
      40
      41
      32
      42
      29
      30
      36
      36
      40
      39
      37
      33
      44
      30
      29
      47
      39
      36
      33
      40
      48
      36
      36
      46
      32
      41
      29
      37
      37
      46
      56
      44
      28
      36
      47
      45
      40
      41
      47
      47
      47
      41
      37
      32
      40
      47
      32
      48
      57
      39
      45
      42
      45
      43
      48
      45
      33
      41
      44
      38
      47
      49
      36
      41
      34
      42
      38
      43
      37
      34
      37
      48
      38
      43
      37
      37
      48
      29
      46
      50
      41
      44
      41
      45
      49
      47
      37
      42
      45
      42
      43
      40
      51
      58
      35
      38
      46
      44
      50
      43
      51
      49
      60
      51
      54
      61
      41
      48
      59
      47
      51
      61
      53
      50
      46
      39
      53
      57
      56
      53
      55
      50
      59
      51
      62
      51
      56
      57
      60
      39
      58
      54
      59
      69
      52
      60
      62
      75
      75
      69
      56
      72
      71
      81
      57
      73
      77
      71
      60
      71
      54
      68
      63
      50
      51
      57
      68
      55
      69
      50
      79
      66
      50
      58
      83
      57
      68
      61
      64
      39
      57
      50
      50
      51
      69
      74
      51
      72
      58
      57
      68
      71
      47
      56
      50
      64
      59
      66
      67
      71
      55
      58
      64
      59
      65
      51
      62
      62
      47
      73
      65
      67
      41
      64
      58
      64
      44
      52
      51
      59
      66
      60
      43
      63
      49
      65
      51
      54
      51
      57
      52
      49
      70
      54
      70
      56
      60
      65
      53
      64
      63
      65
      51
      80
      64
      61
      64
      51
      61
      60
      74
      59
      60
      54
      55
      75
      58
      55
      67
      61
      62
      54
      75
      63
      66
      75
      62
      66
      48
      80
      57
      61
      73
      76
      60
      53
      65
      57
      63
      65
      65
      57
      64
      67
      68
      57
      62
      68
      63
      66
      52
      72
      52
      60
      60
      51
      54
      53
      62
      64
      73
      59
      58
      65
      50
      59
      56
      76
      50
      68
      65
      64
      68
      61
      51
      73
      67
      58
      59
      54
      61
      45
      62
      59
      58
      58
      76
      58
      66
      72
      55
      78
      43
      62
      62
      62
      58
      69
      66
      51
      64
      64
      55
      56
      51
      52
      45
      57
      56
      62
      63
      49
      65
      70
      48
      66
      79
      66
      76
      70
      58
      77
      53
      59
      56
      51
      81
      60
      64
      67
      60
      58
      57
      56
      54
      64
      65
      61
      67
      70
      58
      47
      53
      48
      54
      62
      66
      65
      49
      63
      69
      49
      71
      76
      53
      67
      51
      61
      51
      57
      62
      61
      51
      59
      58
      57
      64
      62
      61
      66
      75
      64
      72
      59
      59
      75
      57
      49
      55
      70
      64
      72
      50
      63
      66
      57
      61
      54
      63
      83
      59
      59
      61
      65
      60
      64
      65
      62
      69
      73
      72
      61
      82
      70
      64
      73
      56
      85
      55
      65
      65
      61
      74
      78
      73
      67
      76
      81
      76
      71
      75
      58
      58
      72
      62
      88
      71
      51
      74
      71
      59
      63
      62
      76
      76
      75
      74
      82
      66
      72
      64
      92
      80
      76
      63
      70
      82
      64
      73
      69
      74
      76
      70
      77
      78
      61
      56
      69
      66
      64
      57
      54
      68
      58
      65
      72
      63
      65
      63
      66
      76
      61
      79
      59
      71
      60
      64
      53
      79
      56
      68
      56
      41
      71
      69
      54
      73
      64
      53
      55
      66
      68
      69
      61
      62
      60
      65
      57
      68
      57
      65
      55
      64
      58
      69
      72
      48
      53
      55
      52
      66
      65
      64
      62
      63
      74
      77
      57
      57
      58
      59
      51
      55
      72
      63
      67
      63
      53
      49
      50
      56
      55
      53
      43
      66
      60
      51
      72
      53
      63
      55
      61
      53
      58
      66
      70
      46
      55
      62
      55
      56
      63
      58
      60
      56
      56
      51
      64
      62
      52
      64
      54
      55
      44
      60
      54
      50
      50
      61
      72
      48
      77
      66
      63
      60
      62
      54
      61
      48
      46
      56
      59
      47
      54
      60
      55
      57
      49
      49
      53
      47
      52
      36
      67
      52
      49
      33
      52
      45
      37
      49
      54
      46
      48
      61
      45
      58
      42
      56
      58
      55
      44
      42
      43
      65
      65
      50
      61
      51
      58
      53
      48
      49
      43
      47
      43
      54
      59
      50
      49
      55
      58
      52
      50
      51
      55
      55
      55
      44
      43
      42
      47
      54
      53
      57
      41
      51
      59
      52
      46
      55
      37
      49
      49
      44
      50
      54
      47
      57
      38
      56
      47
      49
      58
      40
      54
      45
      45
      53
      51
      42
      63
      53
      38
      47
      50
      41
      46
      58
      50
      47
      52
      47
      47
      50
      51
      48
      52
      53
      52
      49
      51
      42
      55
      46
      40
      48
      46
      48
      45
      50
      51
      43
      46
      44
      55
      47
      46
      52
      46
      41
      42
      39
      56
      56
      40
      38
      43
      50
      48
      48
      53
      50
      41
      39
      51
      49
      49
      42
      52
      55
      58
      54
      55
      39
      70
      70
      38
      43
      47
      54
      42
      42
      47
      54
      49
      44
      47
      37
      47
      38
      31
      51
      42
      57
      44
      57
      34
      35
      37
      41
      46
      45
      38
      53
      43
      48
      43
      55
      48
      45
      43
      49
      40
      42
      44
      45
      55
      72
      51
      32
      37
      41
      50
      50
      47
      50
      48
      45
      55
      57
      62
      54
      48
      40
      41
      50
      53
      39
      50
      55
      48
      45
      39
      51
      46
      48
      37
      55
      42
      49
      40
      49
      43
      46
      50
      46
      51
      41
      37
      45
      43
      56
      50
      45
      39
      39
      43
      32
      45
      40
      54
      35
      42
      53
      60
      53
      49
      44
      38
      40
      46
      41
      53
      57
      39
      49
      45
      42
      34
      49
      45
      46
      41
      43
      53
      46
      45
      46
      55
      48
      59
      48
      60
      47
      32
      58
      43
      50
      46
      55
      45
      40
      45
      42
      47
      49
      42
      43
      41
      45
      53
      45
      36
      54
      42
      47
      40
      44
      45
      43
      33
      43
      46
      36
      48
      44
      38
      44
      37
      36
      41
      39
      30
      51
      46
      44
      46
      59
      45
      49
      54
      36
      51
      37
      47
      56
      46
      42
      30
      53
      45
      46
      36
      38
      52
      46
      39
      46
      50
      49
      44
      55
      38
      43
      44
      61
      45
      33
      57
      51
      52
      46
      56
      60
      45
      59
      45
      60
      56
      42
      46
      44
      39
      50
      43
      57
      44
      35
      48
      43
      42
      36
      54
      64
      44
      51
      44
      43
      41
      53
      52
      37
      42
      41
      49
      43
      46
      50
      58
      51
      36
      58
      46
      49
      65
      41
      45
      49
      54
      43
      39
      35
      52
      47
      39
      55
      48
      53
      35
      38
      66
      38
      40
      49
      56
      48
      43
      41
      43
      45
      44
      55
      46
      53
      55
      55
      39
      37
      45
      55
      35
      36
      43
      48
      56
      56
      53
      42
      46
      64
      66
      47
      39
      41
      56
      50
      47
      52
      44
      59
      60
      73
      55
      40
      52
      38
      39
      54
      43
      48
      54
      54
      53
      36
      43
      50
      43
      40
      43
      43
      50
      49
      66
      45
      51
      42
      39
      37
      48
      36
      44
      47
      35
      46
      46
      39
      50
      46
      53
      52
      44
      59
      54
      56
      32
      51
      48
      52
      45
      40
      43
      50
      38
      43
      45
      48
      49
      43
      41
      36
      32
      39
      52
      42
      52
      47
      43
      40
      43
      39
      55
      44
      42
      52
      32
      48
      35
      40
      47
      39
      35
      38
      40
      34
      46
      32
      39
      31
      39
      44
      40
      32
      24
      28
      43
      30
      26
      38
      34
      30
      32
      38
      35
      25
      31
      26
      31
      29
      33
      24
      29
      37
      29
      25
      25
      38
      27
      25
      36
      39
      25
      23
      27
      22
      26
      32
      24
      26
      24
      30
      26
      26
      23
      23
      24
      31
      18
      32
      25
      26
      22
      23
      26
      30
      23
      24
      18
      33
      17
      26
      23
      26
      21
      25
      25
      23
      22
      21
      19
      26
      16
      20
      23
      23
      23
      20
      15
      25
      14
      23
      22
      21
      24
      23
      16
      19
      17
      23
      12
      17
      16
      17
      24
      16
      19
      19
      20
      16
      23
      19
      15
      21
      20
      23
      21
      13
      10
      23
      15
      15
      21
      18
      23
      15
      18
      14
      18
      16
      16
      13
      19
      16
      16
      19
      14
      13
      20
      20
      15
      16
      15
      19
      12
      20
      17
      14
      16
      21
       6
      11
      17
      20
      18
      13
      14
      16
      20
      18
      16
      16
      11
      17
      15
      18
      19
      10
      14
      13
      24
      13
      14
       8
      13
      13
      16
      16
       9
      16
      18
      15
      14
      11
      14
      20
       7
      15
      14
      15
      16
      13
      18
      16
      14
      15
      12
      14
      17
      24
       9
       7
      17
      13
      15
      16
      16
      13
      12
      21
      17
      11
       9
       9
      17
      14
      16
      17
      19
      18
      17
      14
      11
      10
      14
      16
      22
      14
      17
      10
      14
      10
       5
      16
      20
      18
      12
      15
      11
      16
      15
      21
      14
      18
      13
      12
      18
      11
      13
      13
      12
      11
      18
       9
      12
      10
      21
      16
       8
       9
      16
      16
      27
      15
      12
      16
       7
      12
       8
      10
      18
      14
      10
       9
      10
      13
      17
      16
      12
      15
      11
      16
      18
      12
      16
      12
      10
      15
      17
      13
      13
      16
       8
       6
       9
      12
      13
      17
      12
      20
       6
      19
      10
      12
      12
       9
      16
      20
      14
      11
       9
      18
       6
      16
      13
      14
      19
      17
      13
      16
      12
      15
      17
      15
      18
       7
       7
      14
      14
      10
      17
      16
      12
      19
      15
      13
      11
      16
      11
       9
      19
      20
      16
      16
      12
      18
      14
      16
      17
      13
      16
      16
      18
      19
      16
      12
      17
      13
      17
      25
      21
      15
       9
      26
      12
      14
      25
      17
      19
      20
      14
      18
      17
      13
      12
      24
      23
      19
      21
      17
      16
      15
      26
      21
      19
      24
      30
      24
      18
      25
      22
      21
      29
      21
      29
      29
      20
      27
      16
      22
      30
      27
      36
      32
      26
      44
      33
      30
      37
      29
      43
      36
      34
      44
      41
      26
      40
      37
      60
      45
      44
      30
      48
      68
      42
      58
      64
      46
      61
      50
      49
      68
      59
      59
      68
      62
      52
      74
      65
      68
      76
      65
      60
      69
      88
      73
      76
      66
      79
      85
      75
      94
      90
      95
      93
     114
     103
     103
      87
     130
     101
     108
     117
     127
     116
     110
     139
     108
     136
     116
     128
     140
     117
     128
     146
     142
     146
     142
     127
     153
     170
     158
     143
     164
     160
     169
     156
     159
     186
     163
     183
     181
     184
     172
     183
     188
     173
     182
     176
     179
     196
     209
     195
     210
     205
     244
     196
     249
     214
     211
     195
     186
     230
     238
     242
     237
     227
     212
     255
     239
     253
     247
     241
     237
     248
     242
     242
     234
     255
     240
     253
     268
     227
     257
     251
     251
     244
     243
     258
     253
     260
     235
     270
     232
     264
     235
     249
     247
     251
     237
     236
     232
     242
     228
     224
     223
     212
     217
     227
     220
     204
     229
     237
     225
     227
     217
     207
     191
     226
     194
     207
     197
     190
     177
     189
     185
     212
     193
     151
     176
     165
     147
     193
     165
     166
     150
     155
     156
     151
     163
     149
     150
     146
     138
     144
     114
     118
     160
     131
     121
     148
     111
      87
     109
     106
     116
     100
     109
      80
      78
      97
      85
      91
      77
      61
      77
      56
      77
      59
      82
      66
      65
      55
      50
      61
      33
      56
      51
      48
      44
      56
      50
      64
      49
      53
      42
      41
      32
      37
      45
      24
      34
      43
      29
      35
      32
      26
      24
      20
      16
      14
      19
      16
       8
      17
      19
      11
      15
      16
      10
      10
      12
      14
      15
      10
       8
       6
      13
      10
      12
       8
       6
      10
      11
      12
       5
       7
       2
       7
       2
       7
       1
       8
       5
       5
       6
       6
       6
       6
       5
       6
       4
       3
       3
       1
       4
       0
       0
       3
       2
       3
       2
       4
       2
       2
       0
       0
       2
       1
       5
       0
       3
       0
       2
       1
       0
       3
       3
       4
       2
       0
       2
       2
       1
       2
       2
       0
       4
       0
       2
       3
       0
       1
       1
       2
       2
       0
       1
       0
       3
       6
       3
       2
       0
       1
       0
       0
       6
       1
       1
       0
       3
       0
       1
       2
       3
       2
       1
       1
       1
       0
       0
       2
       0
       0
       2
       1
       0
       5
       0
       2
       3
       0
       3
       2
       3
       2
       3
       3
       2
       0
       1
       3
       1
       0
       1
       0
       0
       0
       0
       0
       0
       0
       0
       0
       0
       0
       0
       0
       0
       0
       0
       0
       0
       0
       0
       0
       0
       0
       0
       0
       0
       0
       0
       0
       0
       0
       0
$ROI:
1
780 965
$PRESETS:
Real Time
60
0
$ENER_FIT:
0.000000 0.630393
$MCA_CAL:
3
0.000000E+000 6.303934E-001 0.000000E+000 keV
$SHAPE_CAL:
3
3.727226E+001 0.000000E+000 0.000000E+000
