$SPEC_ID:
Moving Scintillator
$SPEC_REM:
DET# 5
DETDESC# JLAB-9 MCB 135
AP# Maestro Version 7.01
$DATE_MEA:
11/26/2018 15:06:29
$MEAS_TIM:
58 60
$DATA:
0 2047
       0
       0
       0
       0
       0
       0
       0
       0
       0
       0
       0
       0
       0
       0
       0
       0
       0
       0
       0
       0
       0
       0
       0
       0
       0
       0
       0
       0
       0
       0
       0
       0
       0
       0
       0
       0
       0
       0
       0
       0
       0
       0
       0
       0
       0
       0
       0
       0
       1
      27
      36
      35
      34
      29
      30
      26
      33
      28
      42
      28
      22
      30
      29
      33
      31
      34
      31
      26
      28
      34
      30
      23
      35
      17
      23
      25
      28
      32
      45
      30
      29
      32
      34
      37
      21
      33
      41
      30
      42
      33
      29
      28
      30
      22
      29
      39
      28
      31
      27
      32
      39
      39
      32
      45
      34
      35
      25
      27
      24
      25
      40
      32
      47
      34
      28
      27
      33
      26
      30
      28
      30
      34
      42
      29
      36
      29
      40
      39
      37
      39
      35
      33
      45
      21
      33
      41
      34
      32
      35
      41
      23
      37
      31
      41
      26
      40
      40
      24
      22
      43
      40
      42
      28
      43
      36
      37
      39
      36
      40
      35
      40
      32
      36
      30
      30
      40
      36
      39
      42
      39
      43
      38
      28
      44
      48
      39
      42
      28
      47
      35
      47
      53
      29
      47
      47
      31
      43
      28
      38
      40
      39
      36
      35
      48
      40
      35
      51
      43
      48
      35
      42
      37
      47
      42
      38
      55
      60
      48
      48
      57
      57
      47
      54
      49
      43
      55
      47
      52
      59
      54
      59
      66
      46
      71
      55
      54
      58
      73
      57
      55
      50
      38
      53
      56
      48
      46
      53
      57
      64
      54
      63
      57
      54
      57
      51
      49
      58
      51
      49
      55
      41
      50
      58
      41
      56
      56
      43
      42
      60
      49
      47
      62
      45
      40
      57
      55
      51
      47
      52
      51
      42
      47
      61
      51
      44
      59
      44
      55
      51
      40
      53
      46
      55
      43
      49
      49
      49
      62
      43
      39
      52
      56
      56
      60
      70
      53
      51
      52
      49
      51
      57
      58
      52
      50
      55
      52
      58
      65
      57
      50
      50
      59
      59
      45
      48
      59
      53
      37
      52
      52
      56
      40
      46
      43
      49
      61
      61
      43
      54
      52
      51
      47
      52
      52
      52
      60
      54
      45
      41
      55
      54
      51
      47
      44
      46
      48
      60
      60
      56
      50
      55
      55
      61
      56
      42
      48
      55
      51
      47
      66
      56
      73
      53
      64
      59
      54
      62
      51
      43
      56
      55
      51
      45
      48
      48
      50
      53
      61
      57
      47
      49
      48
      68
      48
      53
      51
      53
      56
      67
      51
      64
      54
      60
      52
      48
      51
      59
      62
      55
      50
      49
      58
      51
      46
      56
      54
      54
      52
      61
      43
      51
      45
      48
      57
      43
      61
      55
      48
      47
      43
      45
      56
      42
      64
      52
      54
      53
      53
      56
      53
      61
      62
      51
      65
      54
      61
      47
      43
      51
      52
      43
      61
      49
      49
      53
      66
      63
      60
      56
      53
      57
      46
      43
      44
      51
      57
      51
      55
      60
      60
      49
      39
      49
      47
      48
      45
      45
      65
      40
      54
      39
      58
      55
      70
      41
      59
      57
      57
      49
      58
      49
      47
      59
      66
      45
      49
      53
      66
      48
      64
      45
      64
      45
      54
      50
      49
      56
      56
      62
      57
      51
      52
      65
      56
      59
      62
      58
      63
      56
      56
      50
      43
      57
      44
      67
      58
      66
      63
      61
      50
      54
      62
      56
      56
      68
      55
      49
      52
      81
      64
      46
      50
      66
      62
      60
      48
      45
      55
      55
      53
      55
      61
      53
      62
      55
      61
      57
      60
      60
      69
      52
      54
      62
      66
      76
      40
      57
      61
      52
      49
      58
      65
      52
      48
      73
      69
      61
      53
      52
      65
      52
      63
      44
      56
      60
      34
      48
      67
      61
      53
      47
      49
      59
      59
      53
      56
      45
      43
      46
      70
      55
      65
      33
      55
      50
      57
      53
      65
      55
      57
      50
      53
      41
      50
      50
      46
      54
      71
      40
      46
      55
      55
      53
      41
      48
      51
      57
      52
      39
      42
      56
      55
      39
      45
      62
      63
      42
      60
      48
      41
      63
      58
      54
      47
      53
      53
      39
      44
      49
      45
      45
      54
      48
      57
      49
      39
      46
      44
      58
      49
      49
      52
      51
      64
      43
      34
      48
      55
      41
      40
      48
      51
      40
      43
      38
      41
      45
      54
      50
      47
      47
      48
      38
      49
      38
      46
      46
      36
      53
      42
      39
      37
      39
      44
      60
      42
      44
      52
      50
      40
      40
      39
      33
      35
      38
      41
      55
      34
      53
      43
      43
      45
      49
      38
      45
      45
      38
      44
      40
      38
      45
      42
      47
      36
      46
      41
      43
      45
      50
      43
      52
      46
      37
      42
      46
      48
      47
      45
      52
      32
      30
      52
      42
      40
      45
      44
      37
      47
      39
      54
      39
      41
      34
      45
      36
      40
      40
      45
      40
      40
      39
      47
      42
      34
      36
      47
      33
      44
      30
      36
      41
      35
      40
      27
      52
      37
      36
      41
      47
      47
      41
      33
      46
      32
      49
      40
      37
      43
      45
      35
      45
      29
      39
      35
      41
      51
      40
      27
      37
      34
      38
      36
      46
      39
      36
      51
      43
      44
      38
      36
      33
      54
      45
      45
      48
      47
      39
      37
      38
      41
      41
      33
      33
      34
      45
      33
      49
      42
      56
      46
      49
      31
      35
      42
      40
      43
      40
      38
      43
      41
      50
      48
      50
      37
      38
      37
      33
      27
      46
      37
      44
      36
      42
      35
      30
      27
      38
      28
      34
      36
      38
      35
      38
      39
      33
      38
      37
      36
      31
      41
      37
      45
      39
      32
      37
      46
      40
      32
      40
      36
      38
      37
      32
      40
      41
      35
      36
      36
      39
      44
      44
      39
      32
      40
      47
      38
      31
      43
      39
      40
      32
      35
      36
      34
      43
      27
      37
      35
      39
      41
      31
      37
      32
      30
      28
      32
      43
      41
      39
      42
      46
      33
      41
      34
      28
      35
      33
      27
      39
      37
      40
      46
      29
      24
      45
      35
      48
      27
      36
      35
      39
      39
      37
      42
      39
      28
      37
      28
      39
      43
      37
      44
      33
      29
      33
      43
      43
      43
      32
      45
      39
      42
      44
      45
      26
      37
      38
      33
      40
      33
      37
      44
      32
      30
      40
      32
      36
      37
      40
      45
      37
      29
      48
      39
      41
      31
      36
      55
      32
      35
      39
      41
      33
      38
      40
      45
      39
      43
      40
      44
      31
      28
      35
      30
      31
      34
      34
      45
      34
      40
      38
      37
      39
      41
      36
      36
      30
      30
      37
      38
      46
      26
      40
      36
      30
      22
      35
      44
      38
      40
      38
      42
      29
      33
      34
      44
      37
      33
      35
      31
      41
      39
      34
      32
      37
      40
      38
      36
      38
      37
      39
      41
      36
      37
      35
      42
      40
      44
      35
      30
      40
      37
      37
      41
      42
      46
      38
      32
      40
      43
      26
      41
      29
      47
      43
      33
      46
      33
      39
      45
      42
      42
      36
      34
      35
      31
      33
      47
      36
      36
      30
      39
      35
      32
      31
      40
      35
      44
      33
      26
      46
      38
      34
      34
      40
      49
      33
      42
      41
      39
      31
      50
      43
      42
      41
      39
      38
      38
      47
      36
      31
      30
      40
      44
      29
      43
      31
      28
      30
      44
      31
      34
      33
      30
      30
      41
      45
      43
      38
      36
      42
      31
      38
      44
      33
      39
      45
      37
      25
      42
      26
      38
      51
      28
      25
      39
      42
      43
      48
      31
      40
      42
      53
      37
      42
      49
      36
      35
      40
      34
      38
      31
      34
      34
      36
      39
      39
      34
      39
      38
      46
      35
      44
      37
      33
      33
      38
      45
      43
      49
      30
      49
      41
      40
      31
      38
      30
      33
      39
      21
      22
      47
      39
      36
      36
      35
      44
      26
      44
      29
      32
      38
      44
      32
      32
      33
      41
      40
      34
      34
      39
      39
      42
      29
      21
      33
      37
      30
      31
      34
      23
      39
      36
      28
      42
      35
      33
      32
      34
      47
      29
      41
      34
      32
      29
      31
      38
      32
      32
      37
      28
      33
      23
      20
      20
      28
      27
      33
      24
      30
      25
      28
      26
      24
      33
      22
      32
      23
      30
      18
      18
      38
      32
      20
      22
      30
      26
      20
      33
      23
      31
      27
      26
      26
      18
      17
      25
      19
      20
      19
      20
      23
      28
      21
      13
      24
      21
      23
      23
      14
      15
      21
      22
      10
      21
      23
      17
      18
      10
      22
      14
      21
       7
      14
      13
      16
      25
      18
       8
      19
      21
      18
      11
      22
      22
      20
      21
      13
      13
      20
      16
      18
      21
      17
      20
      16
      19
      21
      14
      17
      21
      14
      18
      16
      19
      19
      17
      14
      14
      19
      11
      17
      15
      11
      12
      10
      15
      18
      21
      13
      16
      12
      15
      14
      15
      14
      13
      15
      17
      16
      13
      18
      19
      14
      11
      17
      14
      13
      11
      11
       8
      12
      22
      19
      14
       8
      11
      18
      12
       8
      14
      10
      11
      13
      12
      19
      10
      14
      19
      17
       9
      17
       8
      16
      16
       7
      14
       6
      11
      15
      12
      13
       7
      13
       8
      16
       9
      11
      11
      19
      13
      12
      16
      13
      14
      10
      14
       6
      10
      11
      12
      11
      13
      12
      13
      19
      13
       7
      15
      15
       9
      10
       5
      17
      22
      12
      11
      10
      11
      12
      11
       8
      13
      14
       9
      16
       9
      13
       9
      23
      21
      12
      14
      14
       7
      14
      16
      12
      13
       8
      13
       8
       7
       6
      12
      12
       7
      10
       9
      10
      11
      12
       9
      15
      15
      13
       7
      14
      20
      14
       9
      12
      13
       9
       6
      12
      12
       7
      13
      12
      15
       6
      11
       9
      14
      14
      14
       7
      13
       6
      17
      11
      13
      14
       4
      10
      17
       8
      14
      13
      13
      14
       8
      13
       8
      11
       6
       8
      10
       6
       9
      13
      16
      15
      10
      15
      15
       9
      13
      10
      16
      16
      12
      11
      14
      20
      14
      12
       4
       9
      14
      16
       8
      15
      11
      12
       9
      15
       8
      18
      14
      21
       8
      10
       9
      11
      10
      14
       9
      11
      12
      13
       8
       9
      19
      14
      16
      10
      20
       9
      12
      18
      15
      12
      14
      15
      13
      16
      17
      20
      12
      19
      19
      17
      10
       5
      10
      14
      14
      20
      13
      21
      14
      17
      12
      12
      10
      10
      15
      10
      14
      13
      16
      12
      19
      24
      11
      17
      19
      14
      14
      16
      22
      14
      16
       7
      17
      20
      17
      23
      14
      19
      18
      23
      15
      24
      21
      27
      21
      15
      19
      31
      12
      26
      27
      23
      29
      29
      35
      28
      30
      32
      34
      26
      29
      45
      34
      42
      30
      39
      36
      27
      43
      41
      34
      49
      38
      47
      47
      42
      51
      61
      49
      60
      52
      56
      44
      62
      56
      64
      52
      56
      74
      61
      77
      71
      68
      66
      73
      59
      70
      81
      75
      57
      80
      95
      92
      69
      75
      97
      88
      85
      79
     107
     102
      99
     121
      91
     115
      99
     101
     120
      89
     120
     111
     112
     132
     119
     128
     135
     121
     129
     119
     138
     126
     152
     139
     150
     118
     137
     150
     144
     147
     174
     143
     172
     141
     145
     147
     167
     171
     179
     168
     167
     167
     153
     175
     172
     196
     158
     185
     198
     157
     215
     181
     200
     180
     180
     182
     180
     195
     192
     209
     189
     199
     198
     170
     203
     178
     214
     202
     205
     189
     209
     212
     220
     192
     214
     242
     190
     205
     191
     209
     200
     198
     195
     214
     163
     200
     175
     212
     204
     168
     182
     197
     178
     186
     183
     184
     196
     185
     196
     160
     186
     145
     176
     182
     182
     159
     173
     160
     147
     153
     171
     188
     142
     147
     145
     144
     157
     148
     138
     155
     146
     117
     132
     101
     118
     107
     104
     109
     107
     103
     113
      94
      92
      99
     101
      74
      89
      80
      89
      83
      79
      97
      96
      66
      79
      76
      73
      70
      53
      83
      61
      71
      52
      57
      44
      71
      38
      46
      46
      36
      39
      41
      33
      40
      48
      29
      33
      30
      37
      26
      30
      29
      26
      18
      34
      21
      23
      27
      24
      17
      20
      26
      20
      11
      16
      23
      16
      17
      12
      11
      11
      14
       8
      13
      10
       5
       4
       5
      12
      11
       9
       6
       8
       9
       9
       8
       4
       3
       4
       3
       5
       4
       5
       8
       8
       6
       5
       3
       3
       4
       6
       2
       3
       5
       5
       2
       1
       1
       1
       2
       1
       3
       1
       1
       2
       2
       1
       1
       2
       2
       0
       2
       0
       0
       0
       2
       1
       0
       3
       2
       1
       2
       1
       0
       0
       2
       3
       1
       2
       1
       1
       2
       2
       2
       0
       2
       4
       0
       1
       1
       0
       1
       0
       3
       1
       1
       1
       0
       2
       2
       2
       1
       0
       0
       0
       1
       1
       1
       1
       1
       1
       1
       3
       2
       1
       1
       1
       3
       0
       1
       3
       0
       1
       2
       1
       1
       1
       0
       1
       2
       0
       3
       1
       2
       1
       0
       1
       2
       0
       0
       1
       0
       2
       0
       0
       0
       0
       0
       0
       0
       0
       0
       0
       0
       0
       0
       0
       0
       0
       0
       0
       0
       0
       0
       0
       0
       0
       0
       0
       0
       0
       0
       0
       0
       0
$ROI:
1
780 965
$PRESETS:
Real Time
60
0
$ENER_FIT:
0.000000 0.630393
$MCA_CAL:
3
0.000000E+000 6.303934E-001 0.000000E+000 keV
$SHAPE_CAL:
3
3.727226E+001 0.000000E+000 0.000000E+000
