$SPEC_ID:
Moving Scintillator
$SPEC_REM:
DET# 5
DETDESC# JLAB-9 MCB 135
AP# Maestro Version 7.01
$DATE_MEA:
11/26/2018 15:13:54
$MEAS_TIM:
58 60
$DATA:
0 2047
       0
       0
       0
       0
       0
       0
       0
       0
       0
       0
       0
       0
       0
       0
       0
       0
       0
       0
       0
       0
       0
       0
       0
       0
       0
       0
       0
       0
       0
       0
       0
       0
       0
       0
       0
       0
       0
       0
       0
       0
       0
       0
       0
       0
       0
       0
       0
       0
       0
      18
      36
      25
      24
      29
      22
      16
      20
      21
      15
      16
      26
      23
      30
      17
      27
      20
      24
      26
      28
      23
      25
      29
      28
      21
      34
      23
      20
      20
      22
      30
      21
      28
      25
      35
      28
      22
      26
      24
      30
      28
      27
      33
      26
      38
      26
      25
      26
      28
      25
      29
      33
      30
      29
      26
      26
      27
      26
      31
      28
      20
      37
      26
      30
      33
      32
      33
      33
      27
      32
      35
      23
      29
      26
      20
      27
      28
      32
      32
      30
      22
      29
      21
      31
      28
      38
      27
      30
      35
      34
      24
      41
      24
      38
      21
      36
      33
      35
      23
      37
      25
      27
      30
      35
      40
      31
      26
      24
      24
      22
      32
      33
      37
      28
      33
      32
      31
      31
      30
      26
      43
      36
      18
      35
      29
      24
      26
      29
      38
      30
      27
      51
      28
      33
      33
      27
      31
      24
      33
      31
      27
      37
      39
      25
      30
      37
      46
      42
      36
      34
      45
      36
      52
      28
      44
      39
      49
      42
      50
      31
      41
      44
      50
      47
      45
      54
      50
      44
      42
      52
      50
      43
      51
      48
      34
      51
      55
      57
      58
      44
      41
      50
      46
      38
      59
      46
      57
      34
      56
      47
      52
      48
      41
      51
      53
      50
      54
      49
      54
      44
      46
      41
      48
      48
      38
      38
      51
      41
      61
      46
      50
      47
      42
      41
      51
      48
      49
      47
      49
      39
      55
      45
      36
      39
      51
      50
      48
      47
      48
      51
      47
      46
      45
      39
      58
      42
      52
      52
      39
      56
      43
      58
      44
      46
      56
      65
      37
      43
      59
      48
      59
      51
      46
      41
      49
      44
      33
      33
      51
      43
      56
      49
      45
      43
      50
      51
      36
      48
      42
      40
      45
      52
      47
      50
      37
      46
      58
      46
      44
      59
      39
      41
      48
      36
      57
      57
      35
      57
      48
      58
      59
      73
      45
      51
      45
      37
      60
      64
      47
      57
      43
      39
      55
      55
      50
      52
      46
      36
      52
      42
      53
      49
      44
      55
      52
      55
      43
      49
      40
      54
      50
      56
      54
      45
      54
      43
      47
      44
      39
      47
      53
      51
      42
      35
      50
      38
      50
      48
      58
      66
      41
      54
      48
      39
      49
      52
      46
      42
      51
      49
      45
      46
      39
      45
      48
      40
      34
      48
      46
      55
      32
      54
      55
      47
      47
      46
      54
      35
      42
      41
      43
      42
      47
      35
      58
      48
      46
      46
      41
      40
      58
      54
      46
      42
      52
      49
      56
      40
      42
      41
      45
      49
      35
      50
      53
      52
      59
      34
      48
      54
      44
      51
      38
      41
      40
      41
      51
      50
      47
      47
      37
      43
      47
      36
      44
      41
      48
      50
      34
      46
      47
      53
      44
      45
      41
      46
      46
      34
      46
      40
      46
      57
      43
      45
      38
      61
      43
      49
      43
      32
      47
      59
      59
      50
      43
      47
      46
      60
      47
      50
      45
      55
      39
      40
      43
      63
      46
      39
      42
      50
      52
      50
      45
      46
      46
      46
      53
      43
      45
      57
      47
      58
      57
      42
      52
      48
      41
      50
      47
      53
      51
      38
      39
      52
      39
      52
      47
      54
      62
      51
      53
      54
      64
      51
      54
      57
      54
      49
      49
      52
      63
      47
      42
      52
      40
      58
      67
      57
      44
      47
      53
      48
      46
      50
      54
      42
      61
      47
      56
      49
      58
      53
      38
      51
      45
      42
      43
      53
      38
      53
      41
      42
      42
      56
      56
      50
      39
      47
      42
      39
      41
      54
      38
      48
      46
      43
      48
      51
      40
      41
      39
      44
      51
      57
      44
      42
      47
      50
      58
      45
      26
      43
      54
      37
      33
      57
      28
      39
      43
      48
      54
      32
      52
      51
      57
      57
      43
      45
      43
      39
      29
      38
      40
      40
      43
      38
      51
      41
      44
      51
      46
      39
      37
      36
      49
      43
      33
      35
      47
      42
      50
      47
      47
      31
      43
      39
      42
      41
      45
      46
      39
      41
      37
      32
      32
      42
      45
      38
      34
      31
      34
      30
      30
      48
      32
      36
      40
      52
      44
      39
      44
      35
      50
      39
      38
      34
      44
      41
      49
      38
      29
      43
      37
      27
      35
      35
      29
      35
      39
      30
      39
      38
      36
      24
      34
      44
      44
      39
      43
      39
      33
      40
      43
      41
      39
      42
      38
      44
      25
      43
      35
      36
      26
      40
      36
      38
      38
      43
      48
      38
      42
      33
      32
      35
      38
      39
      44
      40
      26
      34
      32
      37
      31
      28
      38
      37
      35
      27
      28
      28
      31
      40
      31
      43
      40
      42
      42
      32
      38
      31
      34
      42
      30
      38
      39
      35
      39
      29
      34
      33
      30
      36
      32
      37
      39
      41
      41
      39
      27
      30
      46
      34
      27
      32
      38
      25
      35
      33
      26
      33
      36
      28
      28
      31
      38
      32
      32
      38
      37
      44
      32
      33
      27
      32
      43
      34
      38
      36
      34
      34
      32
      28
      34
      27
      23
      48
      38
      36
      40
      42
      36
      32
      29
      39
      36
      35
      40
      40
      37
      32
      31
      32
      39
      36
      27
      43
      24
      30
      46
      36
      39
      34
      33
      42
      44
      32
      27
      31
      42
      45
      32
      34
      24
      38
      29
      33
      38
      39
      40
      39
      27
      27
      25
      27
      23
      31
      28
      32
      29
      27
      26
      30
      25
      35
      29
      24
      40
      37
      39
      33
      30
      31
      34
      28
      35
      38
      27
      27
      27
      42
      37
      33
      31
      36
      37
      23
      35
      27
      36
      34
      26
      23
      33
      27
      25
      32
      37
      37
      26
      27
      37
      28
      30
      39
      27
      36
      31
      37
      34
      36
      32
      25
      39
      31
      35
      24
      37
      29
      39
      25
      36
      33
      38
      25
      31
      30
      20
      28
      33
      30
      24
      32
      29
      31
      30
      35
      37
      35
      46
      29
      31
      31
      43
      37
      38
      27
      40
      31
      36
      35
      38
      36
      24
      33
      31
      27
      36
      30
      49
      31
      30
      34
      33
      34
      25
      38
      24
      33
      32
      21
      28
      40
      34
      32
      29
      32
      43
      29
      28
      37
      35
      32
      30
      18
      27
      32
      35
      36
      35
      26
      40
      44
      30
      40
      27
      25
      28
      32
      33
      20
      26
      35
      43
      28
      22
      34
      37
      38
      37
      32
      27
      31
      28
      30
      36
      32
      32
      23
      27
      28
      33
      37
      29
      39
      36
      30
      26
      26
      22
      33
      34
      27
      25
      26
      32
      28
      32
      26
      28
      24
      38
      28
      24
      35
      27
      29
      31
      22
      50
      35
      27
      34
      29
      25
      36
      33
      27
      34
      28
      27
      26
      30
      37
      29
      35
      32
      29
      30
      41
      27
      40
      21
      34
      23
      32
      34
      29
      36
      29
      45
      26
      35
      41
      31
      31
      37
      22
      34
      36
      32
      29
      29
      36
      30
      30
      44
      31
      23
      29
      24
      24
      37
      30
      33
      42
      22
      35
      32
      28
      23
      38
      33
      36
      41
      29
      25
      26
      33
      28
      33
      42
      26
      30
      27
      36
      23
      28
      32
      22
      42
      27
      38
      30
      29
      21
      31
      35
      46
      36
      30
      34
      35
      26
      31
      23
      34
      29
      41
      28
      38
      34
      21
      41
      35
      36
      36
      32
      19
      31
      31
      41
      24
      27
      35
      29
      28
      24
      23
      33
      36
      35
      46
      31
      28
      37
      27
      31
      32
      27
      35
      27
      21
      31
      27
      22
      37
      29
      28
      24
      40
      34
      23
      35
      13
      26
      31
      27
      28
      37
      26
      25
      34
      22
      24
      23
      30
      27
      32
      17
      21
      21
      29
      28
      32
      23
      38
      25
      31
      29
      25
      33
      24
      22
      32
      39
      27
      29
      26
      27
      25
      23
      25
      25
      22
      26
      23
      26
      32
      21
      33
      21
      30
      21
      14
      26
      22
      26
      29
      24
      21
      19
      14
      20
      23
      17
      19
      20
      23
      18
      11
      18
      12
      12
      17
      18
      20
      16
      15
      18
      14
      21
      13
      13
      22
      10
      18
      15
      17
      23
      13
      17
      21
      12
      21
      18
      23
      14
      15
      11
      15
      10
      12
      10
      16
      14
      20
      12
      13
      15
      11
      14
      21
      16
      15
      10
      15
      14
      18
      15
      10
       7
       7
      19
      14
      12
       5
      14
      19
      15
      13
      12
      16
      14
      11
      14
      13
      14
      13
      15
      10
      16
      17
      12
       8
      15
      14
      15
      17
      19
      12
       6
      15
      11
      15
      14
      10
      17
      15
      14
      14
      15
       6
       6
       7
       7
      12
      10
      11
      15
       9
      20
      10
      13
      11
      11
      13
       9
      11
      15
       8
       9
      12
      10
      10
       8
      11
      13
      14
      11
       3
       7
      10
      10
      13
      10
      10
       8
      20
      14
      12
       9
       9
      11
      11
      14
       7
       9
       9
       8
      11
      10
      12
      19
       8
      16
      11
       5
       9
       9
       7
      11
       9
      10
       8
       9
       5
       8
      14
      13
       6
       6
      17
      10
       9
       4
       9
       5
      21
       8
      10
       5
       4
      14
      11
      12
      11
      15
       9
       8
      15
      11
       7
       5
      12
      11
       1
      13
       9
       8
      11
      10
      13
      11
       6
      12
      12
      11
      12
      10
       8
      12
      10
       8
       9
      10
       8
       8
       8
      11
       6
       6
      12
      18
       6
       9
       8
      13
       5
      14
      11
      11
      10
      12
      12
      10
       8
      11
      13
      12
      14
      10
       7
       4
      16
      10
       9
       7
       6
       7
       7
      12
      12
       5
       6
      18
      15
      12
       6
      10
       6
       9
       8
       7
      11
      12
      15
      16
       4
       8
      16
      12
       8
       4
      12
       5
      16
      12
      11
      12
      10
      11
      12
      12
      11
       7
       7
       7
      16
       6
       9
       6
      12
      14
       6
      11
      10
       9
      10
       6
      12
       8
      16
       7
      13
      13
       8
      11
      12
      11
      13
      11
      17
       5
      12
      10
      11
       8
       9
      11
      14
      14
       9
      13
       8
       9
      15
      14
      13
       6
      10
      13
      11
      12
       7
      14
       8
      14
      17
       5
       8
      10
      12
      11
       8
      12
      14
      13
      13
      12
      23
      14
      17
      17
      10
      14
      17
      19
      12
      17
      20
      21
      10
      17
      30
      12
      17
      15
      14
      13
      18
      13
      23
      18
      19
      29
      21
      27
      18
      20
      21
      27
      25
      15
      26
      24
      27
      32
      34
      28
      38
      29
      19
      35
      20
      30
      41
      39
      30
      35
      45
      36
      31
      39
      34
      36
      41
      47
      50
      37
      47
      54
      38
      47
      37
      53
      50
      49
      45
      60
      60
      59
      52
      51
      62
      58
      54
      68
      80
      69
      60
      73
      73
      78
      79
      84
      88
      96
      91
      86
      77
      89
     108
      81
     102
      95
      92
      95
     113
      95
      88
     112
      99
     109
     111
     112
     125
      90
     109
     129
     115
     114
     127
     120
     126
     122
     144
     142
     137
     136
     118
     134
     159
     139
     144
     141
     140
     142
     181
     157
     153
     159
     125
     160
     165
     129
     136
     125
     161
     151
     151
     168
     176
     170
     167
     162
     175
     169
     143
     160
     155
     183
     183
     175
     153
     161
     158
     159
     156
     153
     191
     169
     166
     176
     157
     162
     167
     159
     162
     155
     148
     167
     155
     136
     162
     152
     161
     162
     152
     175
     160
     156
     145
     139
     154
     134
     147
     133
     135
     151
     137
     133
     125
     130
     132
     134
     120
     137
     111
     103
      95
     124
      92
     102
     106
      94
     112
      89
     111
     106
      82
      83
      81
     102
      91
      79
     102
      85
      92
      83
      82
      75
      62
      63
      70
      74
      77
      69
      78
      44
      52
      56
      44
      71
      56
      42
      44
      52
      35
      41
      41
      38
      44
      38
      30
      36
      35
      36
      28
      28
      37
      29
      32
      19
      17
      20
      22
      19
      24
      24
      28
      22
      19
      14
      13
      13
      19
      15
      10
      14
      25
      12
      13
      10
       9
       5
       8
       7
      12
      17
       8
      11
       2
       5
       9
       4
       8
       5
       9
       8
       7
       3
       5
       4
       2
       3
       5
       1
       2
       0
       2
       2
       4
       2
       3
       2
       2
       0
       5
       1
       3
       5
       2
       3
       4
       2
       3
       3
       2
       1
       3
       4
       3
       1
       0
       4
       0
       1
       1
       1
       2
       1
       3
       2
       0
       1
       1
       2
       3
       2
       0
       0
       3
       0
       1
       2
       1
       1
       1
       2
       3
       1
       0
       1
       1
       0
       2
       1
       1
       3
       2
       0
       2
       1
       2
       2
       1
       4
       2
       0
       2
       3
       1
       0
       1
       1
       1
       2
       1
       0
       1
       0
       0
       1
       1
       2
       0
       0
       3
       0
       3
       2
       1
       1
       4
       2
       1
       0
       1
       0
       1
       2
       0
       2
       0
       0
       2
       2
       0
       0
       0
       0
       0
       0
       0
       0
       0
       0
       0
       0
       0
       0
       0
       0
       0
       0
       0
       0
       0
       0
       0
       0
       0
       0
       0
       0
       0
       0
       0
       0
$ROI:
1
780 965
$PRESETS:
Real Time
60
0
$ENER_FIT:
0.000000 0.630393
$MCA_CAL:
3
0.000000E+000 6.303934E-001 0.000000E+000 keV
$SHAPE_CAL:
3
3.727226E+001 0.000000E+000 0.000000E+000
