$SPEC_ID:
Moving Scintillator
$SPEC_REM:
DET# 5
DETDESC# JLAB-9 MCB 135
AP# Maestro Version 7.01
$DATE_MEA:
11/26/2018 15:02:13
$MEAS_TIM:
58 60
$DATA:
0 2047
       0
       0
       0
       0
       0
       0
       0
       0
       0
       0
       0
       0
       0
       0
       0
       0
       0
       0
       0
       0
       0
       0
       0
       0
       0
       0
       0
       0
       0
       0
       0
       0
       0
       0
       0
       0
       0
       0
       0
       0
       0
       0
       0
       0
       0
       0
       0
       0
       0
      28
      39
      32
      40
      30
      30
      38
      43
      49
      38
      36
      43
      30
      25
      25
      36
      40
      40
      22
      29
      32
      30
      36
      36
      47
      46
      33
      36
      32
      34
      38
      29
      44
      23
      45
      29
      44
      29
      32
      51
      38
      38
      38
      37
      36
      27
      37
      40
      33
      31
      46
      38
      40
      33
      38
      32
      44
      34
      50
      40
      45
      37
      49
      42
      37
      39
      42
      54
      37
      30
      46
      47
      40
      36
      33
      47
      33
      41
      27
      29
      32
      42
      38
      37
      48
      45
      35
      50
      38
      45
      38
      35
      26
      48
      42
      49
      50
      37
      49
      32
      35
      41
      39
      48
      39
      47
      46
      37
      32
      47
      49
      37
      50
      44
      39
      54
      30
      33
      44
      40
      34
      50
      39
      36
      58
      40
      44
      36
      43
      49
      53
      48
      36
      38
      51
      46
      44
      36
      50
      45
      48
      58
      46
      50
      39
      56
      52
      52
      46
      57
      49
      51
      53
      43
      52
      52
      52
      64
      58
      62
      59
      54
      54
      68
      72
      54
      58
      49
      64
      74
      52
      56
      58
      73
      70
      70
      62
      75
      69
      75
      55
      68
      77
      80
      58
      75
      56
      52
      55
      63
      65
      60
      59
      63
      54
      65
      56
      73
      66
      69
      57
      72
      61
      61
      50
      56
      74
      58
      50
      63
      60
      58
      57
      62
      61
      66
      65
      47
      58
      76
      55
      63
      66
      67
      44
      66
      66
      58
      47
      64
      64
      63
      70
      53
      64
      67
      56
      58
      65
      53
      58
      65
      48
      47
      54
      59
      65
      55
      68
      47
      55
      53
      54
      40
      66
      62
      51
      71
      54
      74
      70
      64
      54
      57
      59
      78
      72
      60
      62
      58
      55
      66
      48
      68
      58
      55
      61
      60
      68
      63
      58
      60
      61
      50
      52
      61
      70
      68
      58
      62
      58
      67
      79
      60
      74
      69
      55
      53
      63
      61
      68
      74
      55
      75
      63
      67
      69
      66
      61
      61
      49
      42
      59
      68
      44
      58
      56
      56
      62
      61
      63
      57
      57
      64
      66
      58
      73
      61
      54
      63
      66
      67
      59
      66
      73
      58
      58
      66
      57
      58
      55
      59
      47
      74
      60
      47
      64
      66
      55
      62
      70
      72
      65
      52
      50
      48
      53
      61
      58
      62
      87
      54
      55
      56
      60
      62
      72
      68
      59
      53
      56
      61
      53
      67
      62
      61
      58
      68
      49
      61
      59
      47
      49
      55
      63
      59
      68
      69
      61
      63
      73
      65
      52
      55
      72
      55
      59
      39
      63
      57
      60
      53
      79
      68
      57
      77
      59
      75
      65
      71
      68
      63
      73
      48
      73
      55
      57
      50
      74
      72
      66
      54
      56
      58
      52
      58
      57
      68
      64
      76
      65
      65
      61
      69
      66
      56
      72
      55
      74
      59
      50
      63
      66
      50
      58
      55
      66
      71
      62
      64
      56
      63
      63
      62
      65
      65
      58
      74
      68
      66
      82
      77
      65
      72
      59
      64
      56
      59
      56
      78
      72
      53
      65
      76
      67
      58
      74
      69
      54
      73
      61
      61
      89
      87
      79
      80
      79
      71
      63
      60
      72
      67
      74
      66
      71
      77
      59
      87
      68
      65
      65
      65
      70
      58
      48
      60
      73
      71
      61
      52
      69
      58
      68
      62
      71
      68
      65
      67
      69
      69
      68
      66
      74
      69
      67
      57
      51
      80
      53
      74
      62
      73
      61
      79
      62
      62
      59
      60
      51
      73
      75
      69
      78
      61
      61
      64
      73
      68
      67
      70
      64
      57
      75
      62
      49
      69
      51
      60
      55
      55
      82
      58
      65
      40
      62
      62
      55
      59
      65
      40
      60
      64
      54
      57
      62
      59
      71
      51
      64
      61
      61
      54
      51
      67
      71
      61
      58
      48
      63
      55
      56
      59
      55
      55
      70
      77
      54
      52
      55
      51
      53
      53
      47
      56
      57
      56
      68
      44
      60
      55
      51
      63
      41
      64
      45
      54
      46
      55
      59
      47
      74
      62
      47
      60
      54
      59
      39
      45
      66
      56
      59
      61
      48
      48
      57
      60
      50
      62
      53
      52
      57
      53
      63
      40
      50
      48
      50
      46
      44
      38
      48
      45
      44
      57
      54
      44
      61
      58
      52
      57
      59
      47
      52
      60
      45
      49
      59
      59
      51
      45
      47
      52
      53
      57
      57
      64
      47
      59
      49
      56
      48
      55
      37
      46
      49
      42
      55
      61
      39
      34
      50
      58
      49
      59
      48
      45
      59
      55
      48
      60
      63
      49
      59
      46
      50
      62
      54
      55
      52
      46
      45
      40
      40
      56
      37
      42
      38
      47
      39
      53
      45
      55
      36
      58
      54
      47
      56
      68
      52
      49
      59
      59
      53
      56
      62
      44
      48
      33
      49
      48
      57
      51
      56
      57
      64
      39
      50
      52
      48
      55
      51
      41
      50
      56
      44
      47
      44
      50
      52
      43
      59
      51
      51
      59
      36
      53
      47
      48
      38
      42
      37
      50
      41
      62
      47
      48
      50
      44
      43
      39
      36
      42
      57
      44
      51
      40
      45
      62
      56
      37
      44
      50
      41
      47
      40
      40
      39
      37
      48
      56
      39
      50
      49
      43
      36
      47
      45
      49
      49
      46
      48
      50
      42
      40
      54
      51
      53
      46
      54
      47
      43
      49
      50
      32
      43
      44
      52
      42
      65
      59
      33
      48
      38
      51
      42
      59
      51
      40
      50
      53
      52
      51
      48
      54
      56
      48
      54
      54
      35
      54
      49
      40
      50
      41
      53
      52
      45
      48
      43
      42
      32
      48
      46
      39
      59
      46
      42
      45
      40
      52
      46
      57
      53
      44
      46
      46
      47
      40
      45
      65
      36
      56
      49
      46
      48
      46
      55
      49
      39
      41
      47
      51
      44
      40
      53
      39
      51
      45
      46
      46
      47
      47
      46
      41
      44
      48
      58
      38
      50
      49
      60
      43
      34
      43
      51
      40
      43
      39
      56
      41
      40
      44
      45
      42
      40
      52
      40
      43
      49
      34
      56
      42
      48
      58
      58
      40
      50
      41
      45
      42
      54
      44
      45
      35
      34
      43
      48
      48
      56
      44
      44
      49
      46
      50
      59
      45
      45
      43
      38
      41
      36
      50
      36
      44
      40
      40
      38
      52
      35
      48
      41
      37
      57
      38
      44
      42
      51
      38
      47
      47
      36
      38
      40
      47
      57
      51
      37
      45
      51
      44
      37
      51
      51
      43
      38
      39
      45
      44
      37
      54
      52
      44
      41
      45
      33
      52
      39
      39
      40
      39
      51
      40
      51
      55
      32
      41
      48
      49
      46
      43
      54
      38
      46
      38
      46
      39
      46
      33
      50
      47
      49
      42
      38
      34
      43
      60
      42
      48
      44
      36
      37
      44
      43
      40
      54
      54
      40
      52
      38
      49
      50
      40
      41
      50
      49
      44
      49
      50
      50
      47
      53
      46
      55
      38
      42
      40
      53
      36
      48
      43
      55
      43
      49
      38
      53
      44
      44
      43
      53
      52
      50
      36
      48
      49
      38
      47
      37
      43
      45
      52
      46
      60
      45
      41
      44
      57
      46
      55
      56
      58
      60
      67
      45
      39
      53
      51
      46
      50
      49
      52
      36
      43
      44
      46
      57
      58
      48
      44
      49
      51
      52
      43
      58
      38
      36
      49
      36
      50
      54
      53
      59
      46
      40
      65
      51
      52
      37
      42
      47
      51
      47
      43
      53
      50
      35
      43
      50
      51
      40
      39
      48
      40
      45
      37
      44
      49
      39
      57
      44
      38
      31
      50
      52
      41
      40
      44
      37
      38
      55
      39
      42
      47
      43
      43
      44
      37
      33
      41
      44
      37
      31
      40
      42
      45
      41
      31
      36
      38
      36
      43
      41
      44
      44
      35
      35
      41
      29
      29
      31
      26
      49
      34
      40
      30
      47
      33
      35
      33
      24
      34
      30
      29
      23
      35
      34
      23
      21
      21
      28
      39
      30
      26
      31
      41
      23
      22
      35
      28
      40
      29
      25
      29
      22
      18
      28
      23
      20
      35
      31
      25
      23
      20
      22
      30
      19
      26
      25
      23
      22
      25
      19
      33
      16
      30
      15
      30
      20
      26
      15
      24
      20
      16
      21
      19
      26
      29
      18
      23
      19
      21
      22
      19
      39
      22
      36
      28
      24
      26
      21
      20
      21
      20
      23
      21
      17
      21
      19
      22
      17
      17
      20
       9
      17
      23
      24
      16
      19
      21
      20
      20
      20
      15
      16
      25
      16
      20
      19
      17
      15
      23
      20
      16
      17
      14
      15
      21
      15
      18
      21
      10
      11
      15
      18
      17
      25
      13
      22
      20
      15
      11
      10
      14
      22
      17
      18
      17
      15
      14
      15
      19
      13
      16
      11
      16
      17
       9
      17
      15
      15
       5
      14
      17
      13
      16
      18
      13
      16
      18
      10
      10
      12
      24
      20
      10
      13
      13
      20
      12
      16
      26
       5
      13
      15
      13
      14
      11
      12
      14
      15
      13
      14
      13
      16
      16
      18
      13
      11
      13
       9
      11
      13
      12
      20
      19
      20
      17
      14
      22
      11
      15
      10
      12
      17
      16
      10
      16
       9
      19
      16
      15
      14
      11
      18
      12
      14
      17
      26
      14
      12
      15
      13
      10
      15
      13
       6
      11
      14
      14
      12
      13
       7
      11
      14
      17
      16
      16
      18
       9
      13
      13
      13
      17
       9
       9
       4
      16
      15
      18
      11
      13
       8
      15
      11
      12
      11
      19
      19
      11
      17
      20
      16
      14
      14
      14
      15
      12
      16
      17
      11
      14
      13
      10
      13
      16
      13
      15
      21
      11
      19
      14
      16
      18
      15
      12
      14
      15
       8
      16
      19
      14
      18
      11
      16
       9
      12
      17
      21
      18
      14
      17
      11
      17
      15
      13
      15
      17
      13
      21
       8
      16
      14
      11
       9
       9
      12
      15
      11
       7
      17
      16
      14
      20
      18
      19
      16
      11
      19
      16
      11
      22
      16
      13
      13
      13
      15
      15
      19
      18
      15
      18
      17
      12
      11
      10
      21
      11
      18
      23
      17
      18
      14
      18
      20
      21
      24
      23
      18
      20
      22
      21
      20
      20
      27
      25
      24
      23
      22
      20
      24
      18
      17
      18
      24
      19
      25
      18
      27
      21
      41
      24
      32
      29
      24
      25
      24
      25
      28
      38
      36
      28
      40
      35
      34
      44
      38
      41
      45
      38
      43
      51
      35
      39
      49
      43
      50
      39
      49
      35
      56
      52
      59
      52
      49
      55
      63
      53
      38
      62
      60
      64
      60
      60
      67
      79
      77
      67
      81
      88
      87
      80
      99
      86
      85
      81
      82
      91
     108
      84
      96
      73
     113
     104
      99
     104
     104
     112
     107
     125
     114
     111
     118
     141
     121
     127
     140
     136
     145
     125
     127
     117
     135
     141
     168
     158
     178
     162
     155
     178
     169
     176
     175
     169
     166
     162
     193
     196
     175
     194
     185
     184
     220
     205
     194
     205
     187
     220
     206
     195
     206
     227
     194
     215
     229
     224
     221
     206
     231
     246
     231
     243
     236
     257
     261
     251
     242
     275
     241
     246
     239
     254
     239
     239
     261
     247
     255
     228
     275
     249
     241
     249
     252
     248
     240
     303
     256
     229
     233
     262
     254
     222
     267
     281
     260
     239
     224
     243
     239
     233
     231
     233
     208
     231
     214
     227
     215
     233
     213
     205
     189
     188
     222
     211
     208
     183
     188
     186
     176
     199
     188
     188
     151
     173
     187
     154
     161
     130
     167
     141
     141
     133
     154
     157
     134
     135
     127
     117
     135
     142
     129
     118
     104
     102
     120
     115
     115
     106
      99
      89
      96
      95
      93
      70
     107
      78
      91
      85
      74
      77
      68
      64
      58
      70
      66
      55
      51
      63
      49
      55
      58
      43
      55
      51
      43
      37
      48
      39
      36
      50
      32
      36
      41
      30
      29
      32
      32
      33
      22
      26
      22
      21
      19
      21
      18
      16
      18
      20
      11
      16
      13
      10
      16
      15
      13
      13
       8
      13
      18
       7
       9
       6
       6
       8
       4
       4
       5
       4
       5
       7
       7
       4
       4
       7
       2
       4
       5
       6
       3
       2
       7
      13
       4
       5
       4
       7
       3
       2
       1
       5
       1
       1
       5
       3
       2
       3
       2
       1
       2
       2
       0
       2
       2
       0
       6
       2
       2
       1
       0
       2
       2
       1
       0
       2
       0
       1
       0
       1
       2
       5
       0
       1
       1
       0
       5
       2
       1
       5
       1
       0
       2
       0
       3
       2
       1
       1
       1
       0
       2
       3
       0
       1
       1
       1
       0
       1
       0
       4
       2
       1
       1
       2
       0
       2
       1
       1
       2
       3
       0
       5
       0
       1
       4
       2
       1
       0
       1
       0
       1
       1
       3
       1
       2
       2
       0
       0
       1
       0
       1
       0
       0
       0
       0
       0
       0
       0
       0
       0
       0
       0
       0
       0
       0
       0
       0
       0
       0
       0
       0
       0
       0
       0
       0
       0
       0
       0
       0
       0
       0
       0
       0
$ROI:
1
780 965
$PRESETS:
Real Time
60
0
$ENER_FIT:
0.000000 0.630393
$MCA_CAL:
3
0.000000E+000 6.303934E-001 0.000000E+000 keV
$SHAPE_CAL:
3
3.727226E+001 0.000000E+000 0.000000E+000
