$SPEC_ID:
Moving Scintillator
$SPEC_REM:
DET# 5
DETDESC# JLAB-9 MCB 135
AP# Maestro Version 7.01
$DATE_MEA:
11/26/2018 15:21:15
$MEAS_TIM:
59 60
$DATA:
0 2047
       0
       0
       0
       0
       0
       0
       0
       0
       0
       0
       0
       0
       0
       0
       0
       0
       0
       0
       0
       0
       0
       0
       0
       0
       0
       0
       0
       0
       0
       0
       0
       0
       0
       0
       0
       0
       0
       0
       0
       0
       0
       0
       0
       0
       0
       0
       0
       0
       0
      16
      21
      17
      14
      16
      17
      21
      20
      18
      18
      24
      26
      22
      25
      19
      26
      16
      27
      20
      24
      22
      25
      28
      20
      23
      16
      30
      21
      16
      20
      25
      17
      26
      26
      22
      26
      21
      23
      32
      24
      20
      16
      23
      22
      23
      24
      22
      28
      28
      15
      24
      18
      29
      25
      15
      28
      24
      28
      23
      19
      32
      17
      17
      28
      29
      28
      24
      26
      18
      31
      19
      30
      24
      21
      19
      26
      23
      23
      20
      28
      32
      21
      27
      22
      25
      28
      27
      26
      27
      23
      23
      32
      19
      27
      36
      21
      31
      28
      25
      24
      30
      25
      30
      29
      34
      28
      24
      33
      22
      16
      27
      26
      18
      27
      19
      20
      37
      29
      23
      32
      24
      28
      27
      30
      25
      25
      26
      39
      35
      26
      36
      26
      27
      29
      29
      29
      44
      26
      31
      36
      24
      32
      32
      32
      35
      33
      19
      34
      27
      47
      28
      32
      26
      32
      41
      34
      41
      37
      32
      40
      39
      37
      34
      34
      40
      41
      45
      36
      44
      50
      37
      44
      46
      52
      47
      52
      43
      39
      34
      34
      29
      49
      46
      33
      47
      36
      36
      32
      53
      47
      33
      44
      50
      43
      42
      40
      44
      48
      44
      40
      40
      30
      34
      37
      43
      43
      34
      25
      47
      33
      35
      44
      42
      35
      38
      57
      34
      41
      41
      39
      47
      50
      38
      45
      38
      35
      28
      44
      36
      53
      40
      45
      45
      47
      37
      40
      48
      41
      49
      46
      36
      40
      35
      43
      41
      42
      53
      43
      44
      34
      53
      47
      42
      50
      32
      43
      31
      48
      50
      44
      33
      46
      42
      43
      46
      43
      50
      53
      45
      50
      43
      43
      43
      55
      35
      48
      50
      35
      35
      65
      53
      32
      48
      42
      37
      44
      45
      49
      43
      44
      44
      34
      42
      41
      50
      61
      35
      54
      51
      47
      37
      40
      46
      38
      53
      36
      35
      36
      38
      29
      37
      44
      45
      41
      54
      36
      51
      46
      37
      57
      34
      44
      50
      37
      54
      44
      33
      44
      46
      41
      38
      45
      48
      37
      45
      42
      41
      55
      37
      32
      40
      42
      39
      48
      36
      47
      46
      56
      43
      41
      48
      39
      32
      44
      31
      33
      42
      51
      41
      52
      37
      47
      44
      41
      49
      46
      40
      37
      51
      35
      31
      34
      39
      43
      43
      34
      44
      40
      57
      33
      38
      32
      32
      41
      45
      42
      42
      52
      46
      41
      54
      39
      48
      38
      49
      41
      50
      39
      37
      37
      42
      35
      37
      35
      44
      26
      46
      41
      43
      37
      29
      36
      39
      49
      36
      40
      48
      47
      45
      53
      39
      42
      42
      55
      44
      45
      38
      45
      41
      45
      48
      40
      41
      45
      43
      46
      38
      23
      32
      39
      26
      48
      40
      41
      45
      34
      50
      48
      42
      28
      41
      41
      47
      41
      41
      49
      31
      44
      38
      41
      42
      38
      52
      49
      51
      52
      39
      41
      41
      31
      39
      54
      48
      58
      35
      47
      43
      40
      46
      35
      41
      43
      52
      47
      44
      40
      46
      39
      42
      49
      47
      45
      47
      35
      46
      50
      43
      25
      37
      34
      41
      40
      42
      39
      45
      46
      46
      34
      39
      47
      47
      32
      47
      35
      49
      34
      35
      43
      43
      47
      48
      37
      50
      46
      33
      42
      40
      40
      42
      44
      42
      34
      37
      25
      33
      31
      50
      46
      31
      44
      40
      41
      36
      39
      36
      35
      37
      37
      35
      36
      46
      41
      40
      34
      38
      36
      40
      37
      33
      39
      31
      42
      38
      48
      36
      44
      42
      46
      33
      44
      40
      40
      38
      38
      41
      36
      32
      36
      32
      39
      35
      44
      33
      33
      41
      24
      29
      32
      38
      30
      33
      36
      40
      30
      31
      43
      36
      31
      29
      38
      30
      29
      45
      32
      30
      39
      40
      35
      33
      46
      44
      26
      36
      39
      34
      36
      19
      37
      40
      28
      39
      42
      36
      30
      31
      36
      29
      29
      29
      31
      36
      34
      30
      35
      35
      24
      24
      38
      39
      43
      25
      30
      26
      26
      26
      32
      28
      30
      34
      26
      36
      27
      43
      34
      29
      23
      23
      27
      25
      29
      33
      32
      24
      36
      41
      24
      29
      27
      28
      30
      37
      33
      29
      29
      35
      22
      26
      32
      38
      28
      26
      26
      21
      28
      30
      27
      23
      34
      26
      36
      35
      23
      32
      37
      27
      37
      23
      27
      27
      30
      36
      32
      30
      27
      26
      25
      30
      30
      30
      28
      29
      34
      26
      32
      25
      32
      25
      38
      32
      34
      19
      33
      37
      28
      32
      31
      33
      38
      50
      30
      33
      24
      34
      32
      34
      29
      20
      36
      33
      25
      32
      36
      26
      23
      31
      28
      38
      32
      30
      27
      27
      31
      24
      21
      25
      27
      39
      29
      26
      28
      30
      46
      33
      32
      28
      26
      27
      29
      22
      30
      20
      22
      25
      26
      27
      39
      29
      23
      26
      28
      27
      41
      34
      31
      21
      34
      26
      22
      25
      26
      21
      18
      35
      26
      26
      19
      28
      35
      30
      23
      23
      20
      26
      24
      25
      28
      27
      28
      24
      24
      21
      37
      29
      14
      26
      36
      19
      32
      25
      29
      21
      34
      18
      22
      32
      25
      19
      31
      29
      23
      26
      17
      29
      24
      21
      31
      37
      21
      21
      28
      18
      22
      25
      22
      26
      39
      31
      24
      18
      27
      37
      19
      23
      26
      27
      21
      29
      27
      33
      28
      29
      22
      26
      25
      27
      33
      22
      22
      25
      18
      29
      20
      25
      28
      18
      23
      30
      33
      32
      22
      28
      30
      33
      25
      21
      28
      27
      20
      35
      25
      22
      36
      22
      25
      25
      19
      24
      24
      25
      31
      27
      22
      23
      26
      30
      21
      33
      36
      20
      18
      22
      24
      32
      27
      28
      26
      23
      31
      24
      24
      25
      28
      28
      32
      19
      28
      29
      31
      25
      35
      26
      28
      21
      25
      19
      22
      33
      33
      25
      24
      31
      41
      30
      28
      26
      31
      19
      32
      23
      36
      20
      27
      35
      27
      18
      14
      27
      17
      37
      24
      29
      23
      31
      38
      23
      22
      24
      22
      27
      23
      31
      31
      21
      19
      33
      31
      23
      17
      25
      25
      23
      23
      28
      19
      25
      29
      24
      20
      19
      24
      27
      22
      26
      30
      26
      31
      25
      24
      27
      31
      23
      24
      26
      25
      26
      27
      20
      34
      21
      26
      34
      19
      22
      17
      29
      31
      27
      26
      29
      21
      31
      31
      32
      16
      26
      16
      28
      20
      20
      23
      32
      36
      27
      25
      29
      25
      28
      27
      25
      23
      29
      27
      42
      27
      32
      28
      25
      32
      24
      17
      18
      26
      32
      30
      24
      19
      27
      23
      26
      23
      20
      23
      31
      28
      24
      24
      29
      31
      30
      26
      29
      28
      21
      28
      29
      22
      25
      34
      29
      30
      27
      26
      33
      29
      18
      24
      21
      29
      35
      28
      22
      36
      26
      25
      29
      23
      27
      30
      29
      30
      22
      20
      29
      22
      30
      22
      28
      27
      23
      33
      37
      34
      29
      28
      22
      26
      22
      25
      29
      25
      37
      32
      25
      30
      27
      26
      16
      28
      22
      27
      24
      32
      35
      22
      16
      24
      16
      33
      26
      25
      32
      29
      18
      23
      26
      28
      33
      33
      27
      25
      20
      26
      18
      18
      15
      26
      23
      25
      27
      24
      25
      25
      16
      24
      29
      24
      18
      25
      24
      20
      24
      20
      17
      24
      31
      20
      31
      18
      20
      29
      26
      14
      19
      24
      31
      23
      21
      20
      21
      25
      29
      16
      19
      22
      20
      18
      16
      15
      20
      20
      21
      25
      17
      14
      21
      22
      22
      20
      16
      17
      14
      20
      23
      11
      17
       7
      19
      17
      15
      15
      11
      13
      15
      16
      17
      21
      14
      11
      15
      10
      15
      21
      17
      18
      23
      14
       6
      16
      16
      19
      13
      15
      15
      13
      16
      11
      13
      22
       7
      17
      12
      15
      17
       8
      10
      10
      15
      14
       4
      13
       6
      11
       9
      15
      18
      13
      18
      12
      15
      17
      12
       7
      12
      11
       9
      12
       8
      10
       9
       9
       6
       8
      14
      17
       8
      13
       3
      12
      16
      14
      12
      11
      10
       8
      18
       6
      11
       8
       5
       8
       6
      15
       6
       7
      14
      13
      10
       7
      11
      10
       6
      12
      10
      10
       8
       8
      10
      11
       8
       7
      17
      20
       9
      10
      16
      15
      14
       9
      11
      10
       8
      13
       9
      11
      18
       4
       5
       8
      11
       8
      11
       9
      10
      12
      12
      11
      17
       7
       8
      10
      11
       3
      12
       8
       9
       3
       3
       9
       8
      11
       7
       9
       9
       6
       8
       8
       8
      10
      15
      15
       5
      12
       8
       6
      13
       5
       6
       8
       7
       5
       4
      14
       5
      13
      10
      11
       5
      10
       6
      10
       9
      10
       8
       8
      10
       9
       9
      13
       6
       6
       4
       6
       7
       8
       9
       5
      12
       8
       7
       6
       9
      13
       3
      11
       8
      13
       8
       8
       5
       8
      10
      11
       5
      10
      15
       4
      11
       7
       9
       8
       7
       6
       7
       8
       9
       5
       4
       4
       8
       9
       5
       7
       6
      10
      10
       8
       7
       8
       8
      10
       8
       9
       7
      10
      11
       9
       7
      12
       6
      11
       7
      10
       4
      15
       9
      12
       8
       6
       8
       3
       4
       8
       7
       5
       9
       7
      12
      13
      10
      10
       5
      12
       5
       5
      10
       7
       9
       4
      11
       9
       5
      13
       9
       5
       9
       7
       7
       9
       8
      10
       5
      10
       7
       6
      13
      12
      13
       8
       7
       8
       7
       8
      13
      14
      13
       9
       9
       8
       8
      12
       4
       5
       8
       6
      15
      12
       7
      10
       8
      13
       5
       8
      17
      13
      11
      10
      11
      11
      10
      13
       5
      11
       8
       8
      13
      12
      10
      15
      12
      16
      14
      11
      13
      11
      12
       8
       7
      15
       8
      13
       8
       7
      11
      13
      11
      16
      11
      14
      13
      21
      10
      17
       9
      14
      19
      13
      21
      20
      21
      14
      15
      19
      17
      13
      25
      17
      13
      19
      14
      22
      26
      22
      26
      17
      15
      22
      19
      26
      24
      28
      25
      23
      24
      18
      26
      28
      33
      30
      36
      33
      32
      23
      37
      43
      39
      36
      33
      39
      26
      40
      45
      38
      43
      36
      45
      46
      49
      48
      53
      56
      43
      40
      46
      43
      57
      52
      47
      56
      50
      66
      62
      73
      68
      52
      70
      70
      67
      73
      75
      77
      73
      72
      81
      86
      76
      60
      72
      81
      83
      90
      77
      84
      91
      89
      86
     101
      97
      73
      98
     127
      96
      97
      97
      97
     101
     110
     126
      99
     108
     115
      84
     114
     133
     104
     107
     117
     141
     130
     140
     121
     130
     131
     137
     128
     114
     116
     124
     153
     141
     121
     127
     135
     137
     133
     164
     139
     151
     133
     141
     135
     160
     129
     145
     154
     119
     146
     135
     138
     127
     138
     134
     126
     129
     114
     128
     136
     128
     135
     134
     132
     152
     118
     127
     122
     107
     121
     115
     135
     114
     112
     120
     102
     118
     116
     123
     125
     105
     115
     135
     101
     121
      94
      90
     100
      88
     119
     104
     100
      88
      83
      99
      82
      71
     105
      94
      79
      84
      70
      75
      84
      56
      76
      49
      54
      67
      65
      59
      68
      60
      57
      53
      70
      48
      46
      52
      42
      52
      47
      60
      54
      41
      56
      42
      38
      39
      46
      44
      35
      25
      37
      34
      32
      27
      31
      20
      30
      21
      24
      20
      18
      21
      26
      24
      19
      18
      12
      18
      18
      15
      15
      17
      16
      15
      17
      11
      14
      19
       9
       7
      12
      11
       5
      16
       9
       5
       7
       8
       6
       3
       6
       5
       9
       5
       7
       4
       2
       4
       4
       4
       4
       6
       4
       4
       4
       7
       2
       2
       7
       2
       3
       1
       3
       2
       2
       5
       2
       1
       5
       5
       3
       2
       4
       1
       4
       0
       0
       1
       2
       0
       1
       3
       2
       0
       0
       2
       0
       1
       1
       2
       0
       0
       1
       1
       0
       1
       1
       1
       1
       2
       0
       4
       1
       1
       0
       2
       2
       2
       0
       0
       1
       1
       2
       1
       1
       2
       1
       1
       0
       2
       1
       0
       0
       1
       1
       1
       2
       1
       2
       1
       2
       0
       1
       0
       1
       0
       1
       3
       1
       0
       2
       1
       6
       1
       1
       2
       2
       2
       1
       1
       1
       1
       2
       1
       1
       1
       2
       2
       2
       0
       1
       0
       2
       0
       1
       2
       1
       0
       0
       0
       0
       0
       0
       0
       0
       0
       0
       0
       0
       0
       0
       0
       0
       0
       0
       0
       0
       0
       0
       0
       0
       0
       0
       0
       0
       0
       0
       0
       0
       0
$ROI:
1
780 965
$PRESETS:
Real Time
60
0
$ENER_FIT:
0.000000 0.630393
$MCA_CAL:
3
0.000000E+000 6.303934E-001 0.000000E+000 keV
$SHAPE_CAL:
3
3.727226E+001 0.000000E+000 0.000000E+000
