$SPEC_ID:
Moving Scintillator
$SPEC_REM:
DET# 5
DETDESC# JLAB-9 MCB 135
AP# Maestro Version 7.01
$DATE_MEA:
11/26/2018 15:17:53
$MEAS_TIM:
58 60
$DATA:
0 2047
       0
       0
       0
       0
       0
       0
       0
       0
       0
       0
       0
       0
       0
       0
       0
       0
       0
       0
       0
       0
       0
       0
       0
       0
       0
       0
       0
       0
       0
       0
       0
       0
       0
       0
       0
       0
       0
       0
       0
       0
       0
       0
       0
       0
       0
       0
       0
       0
       0
      15
      17
      12
      20
      25
      25
      28
      29
      20
      23
      29
      20
      22
      26
       8
      37
      27
      31
      28
      29
      24
      36
      20
      24
      25
      32
      31
      14
      28
      24
      21
      27
      21
      28
      21
      23
      25
      26
      28
      27
      18
      20
      24
      35
      26
      29
      31
      30
      36
      36
      33
      28
      35
      19
      27
      27
      38
      22
      22
      34
      20
      29
      34
      40
      36
      29
      29
      31
      27
      37
      28
      26
      37
      27
      36
      34
      29
      28
      21
      37
      32
      34
      27
      24
      22
      37
      24
      35
      33
      29
      28
      14
      44
      36
      31
      31
      24
      32
      37
      24
      26
      33
      30
      25
      28
      43
      31
      32
      35
      29
      30
      40
      33
      35
      30
      37
      26
      31
      36
      35
      32
      24
      37
      19
      34
      26
      39
      29
      27
      29
      38
      31
      35
      31
      26
      49
      42
      35
      33
      30
      35
      36
      29
      43
      36
      42
      30
      30
      39
      36
      44
      40
      39
      30
      46
      42
      32
      38
      39
      46
      44
      45
      24
      39
      33
      31
      43
      55
      47
      55
      45
      61
      52
      52
      43
      52
      54
      45
      51
      53
      44
      61
      48
      47
      46
      45
      56
      56
      52
      45
      46
      41
      60
      47
      37
      44
      43
      46
      46
      51
      49
      48
      40
      41
      48
      49
      52
      43
      61
      48
      57
      46
      40
      46
      38
      37
      55
      41
      33
      42
      45
      46
      43
      61
      51
      47
      60
      36
      43
      37
      52
      48
      45
      53
      60
      54
      46
      54
      53
      63
      46
      47
      46
      38
      39
      44
      41
      49
      37
      69
      44
      48
      47
      55
      44
      44
      41
      47
      47
      56
      35
      45
      49
      47
      35
      51
      57
      48
      60
      51
      55
      50
      30
      49
      49
      43
      53
      46
      46
      43
      52
      56
      55
      50
      66
      59
      57
      39
      43
      49
      36
      59
      55
      47
      54
      41
      50
      46
      53
      49
      46
      43
      42
      42
      59
      47
      56
      45
      41
      45
      37
      59
      57
      45
      38
      58
      54
      51
      49
      49
      48
      34
      44
      34
      52
      41
      54
      40
      36
      49
      57
      43
      46
      49
      42
      43
      39
      31
      37
      55
      57
      39
      58
      51
      35
      47
      43
      40
      53
      33
      46
      45
      46
      43
      37
      35
      52
      45
      46
      58
      50
      45
      43
      53
      51
      51
      37
      41
      39
      42
      47
      39
      51
      46
      43
      50
      52
      44
      55
      54
      37
      42
      46
      57
      49
      50
      46
      49
      45
      43
      50
      43
      52
      37
      45
      45
      38
      41
      49
      52
      45
      41
      59
      40
      44
      46
      59
      43
      46
      48
      43
      48
      48
      40
      41
      44
      44
      52
      34
      56
      47
      53
      46
      55
      44
      49
      50
      51
      55
      32
      45
      51
      47
      47
      51
      44
      45
      34
      47
      42
      53
      52
      48
      48
      34
      52
      37
      44
      52
      46
      56
      38
      44
      36
      35
      49
      49
      53
      67
      50
      42
      47
      58
      46
      38
      59
      48
      58
      54
      35
      46
      77
      60
      41
      39
      60
      48
      40
      55
      51
      59
      56
      46
      40
      52
      41
      53
      57
      53
      57
      64
      53
      47
      45
      45
      54
      43
      58
      51
      56
      54
      49
      45
      59
      49
      45
      55
      50
      46
      44
      47
      43
      50
      61
      58
      51
      43
      47
      45
      42
      50
      63
      43
      40
      48
      58
      64
      49
      43
      52
      33
      39
      47
      46
      54
      38
      43
      47
      51
      45
      31
      40
      48
      41
      55
      47
      49
      46
      44
      37
      40
      48
      41
      36
      46
      46
      37
      55
      51
      43
      37
      46
      45
      56
      41
      32
      40
      50
      52
      35
      43
      41
      46
      38
      49
      57
      41
      42
      50
      43
      47
      47
      54
      39
      46
      44
      34
      45
      36
      38
      41
      44
      41
      49
      44
      45
      44
      38
      33
      38
      54
      38
      49
      36
      31
      57
      41
      38
      34
      43
      41
      44
      40
      40
      49
      47
      37
      36
      50
      40
      46
      40
      33
      33
      42
      44
      36
      35
      44
      32
      39
      38
      37
      33
      34
      39
      38
      32
      40
      47
      42
      49
      36
      35
      30
      56
      35
      35
      38
      38
      38
      35
      35
      36
      43
      35
      38
      44
      38
      34
      30
      38
      41
      38
      49
      23
      47
      29
      35
      42
      37
      42
      33
      37
      33
      37
      34
      39
      36
      34
      39
      35
      36
      32
      36
      31
      49
      38
      36
      36
      36
      28
      38
      39
      38
      29
      33
      38
      36
      38
      43
      27
      23
      39
      32
      31
      30
      32
      40
      37
      36
      38
      39
      34
      26
      38
      29
      41
      40
      25
      35
      32
      34
      35
      28
      39
      28
      38
      27
      37
      42
      34
      37
      46
      31
      33
      39
      33
      35
      32
      49
      31
      27
      25
      38
      27
      30
      31
      40
      37
      28
      41
      40
      25
      37
      37
      38
      38
      37
      38
      32
      40
      35
      28
      33
      28
      25
      31
      34
      38
      35
      35
      33
      36
      36
      32
      37
      23
      28
      32
      25
      32
      34
      36
      34
      40
      23
      30
      33
      32
      30
      24
      34
      24
      22
      38
      33
      36
      19
      46
      29
      30
      35
      37
      31
      28
      29
      37
      31
      29
      30
      29
      42
      26
      31
      46
      35
      31
      28
      37
      32
      29
      32
      47
      39
      27
      35
      34
      29
      35
      41
      22
      37
      31
      28
      29
      28
      29
      30
      27
      30
      29
      27
      35
      33
      30
      38
      26
      29
      31
      39
      34
      35
      27
      35
      38
      37
      36
      38
      26
      38
      31
      25
      25
      31
      27
      23
      33
      29
      33
      30
      39
      22
      38
      26
      41
      32
      28
      37
      36
      30
      41
      35
      26
      33
      29
      25
      34
      26
      29
      34
      25
      31
      26
      29
      36
      36
      35
      37
      39
      48
      37
      30
      34
      34
      26
      31
      31
      22
      32
      30
      37
      28
      47
      28
      28
      33
      34
      41
      27
      34
      26
      18
      41
      35
      37
      24
      29
      39
      35
      36
      37
      31
      49
      39
      33
      30
      30
      36
      33
      40
      21
      28
      22
      25
      34
      32
      30
      35
      34
      38
      32
      38
      38
      36
      21
      35
      27
      41
      34
      21
      37
      31
      32
      35
      26
      40
      23
      26
      25
      38
      32
      34
      28
      34
      20
      25
      31
      27
      33
      31
      34
      36
      27
      30
      36
      24
      22
      38
      26
      32
      21
      29
      37
      34
      29
      23
      21
      30
      35
      32
      23
      31
      37
      25
      40
      31
      26
      34
      37
      37
      26
      31
      20
      30
      33
      39
      39
      28
      33
      33
      37
      36
      41
      35
      24
      44
      34
      29
      40
      42
      33
      39
      31
      27
      29
      25
      24
      31
      39
      34
      31
      30
      32
      27
      33
      21
      27
      40
      30
      29
      26
      29
      35
      24
      33
      35
      23
      27
      25
      32
      21
      32
      42
      33
      27
      36
      24
      32
      19
      25
      31
      41
      28
      32
      26
      37
      32
      41
      26
      37
      37
      38
      30
      33
      35
      37
      34
      33
      31
      32
      40
      39
      22
      30
      26
      39
      33
      39
      38
      26
      35
      32
      27
      23
      38
      38
      25
      32
      26
      37
      30
      33
      32
      31
      34
      28
      21
      30
      43
      30
      28
      37
      35
      30
      27
      27
      32
      29
      38
      34
      27
      27
      27
      20
      35
      41
      33
      22
      20
      25
      34
      25
      28
      30
      37
      24
      28
      35
      34
      37
      29
      32
      23
      27
      25
      24
      30
      35
      25
      28
      33
      35
      33
      30
      27
      27
      39
      32
      31
      31
      19
      25
      30
      20
      19
      20
      23
      26
      31
      29
      26
      28
      28
      25
      24
      28
      18
      22
      19
      24
      23
      24
      24
      22
      16
      19
      31
      27
      15
      26
      18
      19
      27
      21
      25
      28
      16
      19
      22
      22
      17
      19
      15
      13
      22
      29
      25
      16
      26
      19
      18
      22
      16
      16
      19
      17
      17
      20
      16
      18
      14
      10
      16
      14
      20
      16
      16
      25
      13
      21
      17
      18
      20
      16
      15
      11
      21
      22
       8
      14
      23
      18
      14
      10
      15
       9
      10
       6
      20
      15
      11
      24
      13
       8
      17
      14
      15
      18
       9
      12
      17
      11
       9
      10
      16
      14
      15
      10
      14
       8
      12
      15
      16
      16
       9
      13
      12
      11
      12
      10
      13
      14
      12
      16
      15
      16
      15
       8
      14
      20
      13
      14
      13
      10
      10
       9
      10
       7
       8
      15
      10
       9
      15
      13
      14
      14
      10
      12
      13
      13
      13
      12
       3
       7
       9
      10
      10
      19
      17
      15
      11
      11
      16
       7
       7
       7
      15
       8
      11
       8
      14
       9
      17
      15
      11
      13
      11
       9
       9
       9
       6
      11
      12
      12
      15
       9
       9
       4
      13
      13
       7
      12
       8
       9
       7
      13
       6
      14
      17
       8
       7
      11
      12
      10
       9
      13
      14
       9
      11
       7
       8
      12
      11
       9
      14
       3
      11
       8
       5
       8
       8
       7
      13
       9
       6
       8
       6
       9
      11
      13
       9
      10
       6
       8
       6
      14
      11
      10
       6
      10
      11
       6
      13
      14
      10
       8
       8
       6
       6
       5
      11
      10
       9
       6
       8
       9
       7
      14
      10
      11
      10
      10
       5
      16
      10
      11
      10
      10
       9
      10
       9
      14
      14
       5
       4
      17
       8
      14
       6
       9
       9
      12
       6
      13
      14
       9
       5
      14
      16
      18
       7
       6
      11
      12
      14
       7
      10
      12
       8
      12
      15
       3
       4
       6
       7
       8
       7
       7
       6
      12
       6
       9
      11
      14
       9
      10
       4
      13
       5
      14
       6
       5
       9
       7
      12
       5
       8
      11
       9
       9
       8
       6
       9
      11
      13
      12
      14
      12
       7
      11
       6
      13
      10
      12
      10
      10
      14
       7
       9
       9
      14
      10
      10
      14
      10
      13
      10
      12
      17
      12
      11
      11
       6
      12
      12
      14
      11
      13
      12
      10
      19
      12
       8
      13
      13
      10
       8
      14
      15
      15
      10
      14
      12
      12
      10
      16
       9
      16
      18
      14
       5
      18
      15
      20
       6
      13
      15
      17
      11
      19
      14
      18
      17
      15
      14
      20
      21
      24
      22
      26
      20
      14
      15
      23
      23
      24
      21
      23
      21
      29
      21
      27
      27
      32
      34
      28
      21
      27
      25
      21
      23
      37
      37
      25
      30
      35
      32
      40
      31
      40
      44
      40
      39
      42
      46
      35
      38
      53
      47
      49
      50
      35
      44
      53
      53
      50
      49
      54
      65
      58
      53
      72
      69
      70
      61
      58
      68
      77
      68
      78
      64
      59
      60
      68
      68
      93
      89
      73
      85
      76
      92
      93
      97
      91
      90
      92
     100
     117
     106
     102
     107
     109
     108
     101
      97
     126
     112
      89
     115
     127
     116
     118
     135
     122
     117
     143
     114
     130
     120
     132
     140
     128
     149
     155
     145
     149
     144
     161
     163
     149
     153
     150
     157
     157
     159
     141
     168
     177
     156
     168
     165
     173
     174
     156
     148
     156
     166
     176
     159
     178
     187
     190
     146
     151
     179
     155
     165
     150
     169
     183
     158
     163
     171
     133
     157
     161
     139
     145
     151
     147
     148
     156
     148
     160
     184
     148
     148
     154
     149
     150
     140
     131
     146
     148
     137
     146
     162
     135
     155
     139
     117
     129
     114
     108
     115
     123
     113
     129
     110
     120
      97
      96
     111
     103
     114
      85
     113
      79
     102
      73
      82
      78
      74
      89
      93
      90
      82
      81
      71
      61
      66
      73
      71
      72
      65
      52
      73
      53
      61
      53
      51
      48
      52
      53
      39
      51
      47
      41
      39
      56
      40
      34
      22
      39
      36
      30
      34
      40
      25
      28
      24
      26
      23
      15
      28
      22
      26
      13
      14
      12
      14
      19
      11
      13
      21
      13
      12
       9
      10
      12
      10
       6
       7
       7
       9
      14
       6
      10
       7
       6
      13
       9
      10
       3
       6
       7
       9
      10
       4
       3
      10
       1
       5
       5
       8
       4
       9
       4
       2
       2
       1
       4
       1
       3
       1
       2
       4
       2
       2
       5
       1
       1
       0
       2
       1
       0
       2
       1
       2
       0
       2
       1
       0
       1
       0
       2
       1
       2
       4
       1
       4
       2
       3
       0
       1
       1
       4
       1
       2
       3
       1
       1
       1
       1
       1
       2
       1
       2
       1
       2
       3
       0
       0
       1
       0
       2
       2
       3
       2
       0
       2
       0
       1
       2
       1
       0
       3
       3
       2
       1
       3
       0
       2
       2
       1
       2
       1
       3
       0
       0
       0
       0
       1
       1
       1
       1
       0
       1
       3
       2
       1
       2
       0
       2
       0
       0
       0
       1
       0
       1
       0
       1
       1
       2
       1
       0
       0
       0
       0
       0
       0
       0
       0
       0
       0
       0
       0
       0
       0
       0
       0
       0
       0
       0
       0
       0
       0
       0
       0
       0
       0
       0
       0
       0
       0
       0
       0
       0
$ROI:
1
780 965
$PRESETS:
Real Time
60
0
$ENER_FIT:
0.000000 0.630393
$MCA_CAL:
3
0.000000E+000 6.303934E-001 0.000000E+000 keV
$SHAPE_CAL:
3
3.727226E+001 0.000000E+000 0.000000E+000
