$SPEC_ID:
Moving Scintillator
$SPEC_REM:
DET# 5
DETDESC# JLAB-9 MCB 135
AP# Maestro Version 7.01
$DATE_MEA:
11/26/2018 15:16:13
$MEAS_TIM:
58 60
$DATA:
0 2047
       0
       0
       0
       0
       0
       0
       0
       0
       0
       0
       0
       0
       0
       0
       0
       0
       0
       0
       0
       0
       0
       0
       0
       0
       0
       0
       0
       0
       0
       0
       0
       0
       0
       0
       0
       0
       0
       0
       0
       0
       0
       0
       0
       0
       0
       0
       0
       0
       0
      19
      18
      24
      27
      28
      29
      31
      25
      23
      25
      25
      29
      25
      23
      22
      24
      27
      24
      29
      25
      31
      26
      26
      32
      23
      25
      27
      25
      29
      27
      33
      32
      22
      32
      22
      26
      33
      24
      24
      34
      32
      26
      20
      23
      30
      30
      16
      28
      28
      28
      22
      32
      29
      42
      22
      38
      34
      22
      16
      32
      30
      29
      27
      36
      26
      26
      27
      29
      23
      30
      37
      28
      26
      28
      28
      27
      27
      28
      22
      34
      27
      31
      32
      25
      25
      26
      36
      27
      33
      31
      29
      27
      35
      30
      34
      35
      30
      27
      40
      23
      35
      32
      25
      27
      29
      29
      39
      30
      28
      23
      36
      34
      42
      30
      27
      36
      26
      26
      39
      35
      36
      34
      28
      22
      37
      32
      29
      40
      29
      37
      31
      26
      34
      35
      38
      30
      52
      29
      22
      40
      34
      31
      40
      35
      27
      28
      38
      37
      33
      45
      37
      40
      41
      34
      44
      43
      35
      40
      45
      55
      38
      40
      32
      49
      48
      46
      48
      55
      42
      39
      42
      48
      32
      35
      43
      53
      44
      58
      51
      43
      53
      42
      61
      44
      55
      43
      50
      50
      44
      51
      40
      50
      50
      44
      52
      50
      64
      45
      50
      49
      59
      49
      42
      42
      50
      56
      43
      43
      38
      48
      42
      61
      42
      42
      42
      56
      55
      54
      38
      43
      48
      34
      48
      45
      40
      47
      45
      41
      49
      43
      46
      54
      54
      43
      48
      51
      68
      52
      48
      47
      46
      45
      49
      48
      44
      59
      53
      39
      44
      38
      58
      34
      47
      44
      53
      53
      50
      65
      51
      48
      45
      41
      29
      46
      62
      35
      42
      44
      38
      53
      50
      40
      50
      50
      48
      48
      49
      41
      44
      40
      57
      58
      36
      54
      45
      45
      54
      50
      53
      65
      47
      48
      49
      45
      49
      63
      48
      51
      48
      46
      48
      44
      55
      51
      39
      39
      59
      57
      34
      53
      47
      63
      44
      51
      52
      56
      60
      43
      37
      50
      60
      71
      41
      55
      54
      47
      56
      48
      59
      42
      46
      64
      51
      44
      59
      39
      50
      48
      42
      51
      41
      55
      42
      51
      55
      46
      45
      47
      41
      52
      45
      38
      47
      46
      55
      40
      47
      43
      49
      49
      45
      49
      43
      54
      55
      43
      54
      45
      40
      52
      39
      41
      53
      47
      55
      50
      37
      59
      56
      41
      49
      49
      45
      56
      51
      39
      53
      34
      44
      46
      42
      44
      50
      35
      37
      39
      57
      40
      43
      29
      41
      53
      47
      45
      44
      45
      52
      67
      38
      44
      48
      43
      34
      38
      41
      51
      51
      48
      51
      46
      49
      33
      55
      51
      54
      39
      44
      58
      46
      47
      46
      49
      40
      50
      34
      51
      38
      63
      46
      60
      54
      38
      58
      49
      54
      45
      46
      50
      43
      32
      47
      41
      38
      59
      53
      46
      57
      48
      37
      43
      43
      62
      39
      43
      52
      53
      46
      47
      52
      54
      39
      43
      32
      47
      56
      46
      34
      49
      48
      45
      50
      56
      35
      40
      54
      61
      52
      49
      44
      45
      51
      44
      50
      46
      49
      54
      51
      56
      54
      58
      48
      68
      54
      47
      56
      53
      42
      59
      45
      49
      52
      42
      57
      52
      50
      63
      65
      47
      37
      46
      45
      39
      48
      53
      51
      50
      46
      46
      41
      44
      42
      41
      45
      52
      49
      65
      44
      48
      45
      49
      35
      47
      54
      45
      45
      32
      48
      42
      44
      44
      42
      59
      42
      46
      51
      42
      45
      38
      52
      41
      41
      47
      43
      46
      47
      45
      35
      34
      44
      52
      44
      36
      45
      35
      48
      37
      31
      41
      41
      50
      28
      51
      46
      43
      43
      35
      47
      38
      37
      40
      42
      44
      48
      33
      35
      29
      41
      45
      37
      38
      37
      38
      41
      41
      36
      43
      44
      50
      43
      54
      48
      29
      53
      39
      46
      33
      33
      39
      48
      44
      48
      37
      43
      28
      31
      51
      33
      35
      38
      34
      26
      43
      38
      43
      38
      44
      46
      28
      33
      46
      41
      28
      29
      37
      41
      31
      29
      43
      44
      39
      37
      52
      51
      31
      31
      29
      38
      29
      32
      34
      40
      42
      29
      36
      42
      36
      33
      43
      36
      41
      38
      35
      30
      37
      49
      38
      30
      45
      29
      34
      35
      35
      35
      33
      34
      40
      33
      32
      40
      41
      29
      37
      23
      37
      31
      32
      33
      36
      32
      38
      35
      44
      22
      35
      32
      39
      34
      39
      33
      41
      29
      26
      34
      31
      33
      40
      33
      39
      27
      27
      36
      32
      34
      41
      26
      44
      30
      38
      33
      46
      37
      39
      40
      50
      24
      36
      25
      35
      33
      32
      20
      25
      37
      41
      37
      32
      36
      33
      37
      36
      47
      24
      40
      27
      32
      31
      32
      42
      34
      28
      42
      35
      32
      33
      31
      43
      27
      34
      40
      38
      33
      35
      27
      32
      27
      32
      30
      31
      29
      25
      33
      23
      31
      28
      34
      37
      30
      36
      33
      39
      46
      37
      33
      38
      31
      25
      48
      22
      35
      30
      27
      29
      31
      35
      28
      35
      30
      33
      35
      34
      31
      40
      28
      27
      36
      28
      31
      38
      35
      35
      32
      36
      20
      40
      21
      40
      27
      27
      30
      31
      25
      34
      31
      34
      21
      30
      32
      25
      41
      38
      45
      35
      32
      32
      33
      23
      31
      25
      29
      40
      30
      25
      26
      30
      35
      33
      35
      40
      31
      35
      42
      31
      28
      35
      29
      33
      29
      27
      35
      30
      41
      25
      27
      24
      36
      31
      28
      18
      34
      24
      27
      25
      34
      32
      23
      39
      35
      39
      37
      32
      33
      32
      32
      33
      27
      29
      30
      29
      34
      33
      30
      28
      24
      32
      34
      29
      31
      39
      36
      27
      23
      34
      28
      29
      26
      37
      34
      35
      23
      35
      38
      32
      33
      33
      31
      21
      38
      33
      40
      34
      35
      32
      28
      39
      27
      30
      29
      31
      36
      38
      29
      39
      29
      34
      27
      30
      34
      30
      34
      25
      40
      29
      36
      25
      22
      13
      25
      39
      34
      29
      31
      43
      34
      33
      21
      28
      34
      28
      31
      30
      35
      28
      32
      23
      24
      22
      30
      36
      31
      31
      35
      30
      21
      21
      26
      28
      20
      35
      31
      36
      28
      34
      28
      19
      27
      35
      32
      26
      36
      28
      25
      24
      38
      31
      22
      32
      26
      35
      28
      39
      32
      43
      26
      34
      33
      30
      28
      37
      23
      34
      31
      26
      29
      31
      40
      38
      28
      36
      27
      36
      36
      27
      30
      25
      34
      29
      32
      34
      34
      28
      29
      47
      34
      34
      24
      33
      24
      35
      34
      28
      36
      34
      27
      24
      26
      32
      30
      28
      22
      37
      33
      27
      26
      31
      22
      37
      28
      44
      36
      29
      39
      35
      38
      35
      25
      26
      33
      24
      31
      30
      37
      24
      23
      27
      28
      25
      23
      37
      28
      25
      34
      30
      42
      38
      33
      29
      23
      41
      26
      39
      25
      33
      34
      36
      33
      35
      26
      30
      29
      35
      33
      27
      34
      44
      36
      28
      34
      35
      27
      32
      33
      24
      24
      32
      28
      36
      32
      32
      24
      31
      30
      30
      20
      30
      28
      30
      30
      37
      33
      18
      32
      33
      34
      28
      28
      40
      32
      26
      29
      41
      26
      32
      30
      29
      26
      28
      24
      30
      28
      35
      29
      21
      21
      28
      27
      26
      26
      33
      20
      30
      30
      32
      27
      27
      30
      17
      27
      23
      32
      26
      30
      23
      15
      25
      24
      31
      19
      27
      31
      24
      18
      21
      25
      18
      23
      30
      26
      23
      30
      18
      24
      19
      26
      19
      22
      17
      25
      25
      32
      29
      20
      23
      14
      12
      34
      18
      17
      19
      15
      21
      17
      14
      26
      19
      13
      21
      19
      21
      22
      15
      20
      24
      12
      19
      21
      18
      22
      14
      16
      24
      22
      15
       9
      15
      14
      14
      15
      18
      13
      14
      15
      17
      17
      15
      15
      12
      19
       7
      11
      15
      17
      14
      14
      16
      12
      20
      12
      15
       8
       7
      13
      21
      12
      17
      11
      13
      13
      10
      18
      14
      13
      11
      13
      14
      20
      16
      11
       9
      14
      19
       8
       6
      15
      14
      12
      10
       7
      10
       9
      11
      15
      11
      13
      14
      19
      15
       8
      13
      11
      23
      10
       7
       6
      13
      11
      18
      10
      10
       7
      10
       8
       8
       7
      10
       7
      12
      11
      13
      11
      15
      12
      10
      10
      10
      17
      14
      14
      15
      12
       5
       8
       6
      15
       9
      14
      16
      15
      11
       9
      14
      14
      16
       4
      14
      13
       2
      12
       9
      12
      10
      11
      14
       8
       9
       9
      12
      10
      15
       7
      11
       5
       8
      12
       4
       8
       7
       5
      15
      11
      12
       9
      14
      11
       3
       9
       9
      12
      12
      11
      13
      13
       5
      11
      15
       7
       9
       9
       8
       9
      15
       9
      11
      10
      12
       7
      14
      12
      15
      13
       5
       7
       6
       6
      16
       6
       9
       7
       7
       9
       5
      10
       5
       9
       7
      15
       7
      12
      17
      14
       7
       9
      12
       9
      13
      11
      10
       9
      15
       7
       9
      10
      10
      12
      16
       7
       8
      18
      11
       5
      11
      13
      11
      11
       7
       9
       7
      12
       9
      11
      11
       9
      14
      13
       8
       7
       9
      17
      10
      11
      14
      16
      12
      13
      11
      10
      11
      11
       5
       6
       9
      11
       7
       8
      11
      11
      18
       9
      10
      10
       8
       5
      12
      11
       8
       9
      12
      17
      16
      16
       9
      12
      11
      18
      11
      13
      20
       8
       7
       8
      10
       8
      13
      12
      10
       9
      11
      10
      14
      11
      13
      10
      13
       9
      11
      11
       5
       7
      12
       8
       5
       8
       7
      13
       9
       7
      14
       8
       8
       4
      11
      10
      14
      13
       8
      10
      14
      11
      17
      11
       7
      10
      13
      14
      17
      12
      16
      14
      16
      19
      10
      15
       7
      12
      16
      20
      15
      10
      24
      19
      11
      14
      17
      22
      20
      23
      24
      14
      19
      19
      23
      21
      27
      19
      19
      21
      23
      24
      17
      15
      20
      17
      27
      23
      20
      29
      21
      18
      25
      29
      32
      34
      22
      25
      33
      25
      37
      30
      37
      28
      29
      33
      44
      53
      40
      40
      40
      46
      43
      45
      33
      28
      35
      56
      50
      56
      45
      56
      62
      65
      71
      63
      47
      60
      71
      60
      81
      74
      76
      74
      63
      90
      94
      89
      68
      84
      75
      79
      80
      82
      81
      78
      82
      82
      86
      99
      95
      91
      90
      97
      89
     102
     110
     109
     115
     124
     111
     110
     105
     114
     132
     102
     143
     117
     119
     144
     120
     114
     135
     130
     123
     148
     137
     132
     135
     174
     156
     126
     160
     139
     160
     161
     152
     152
     161
     168
     144
     158
     180
     155
     161
     158
     163
     141
     159
     175
     176
     180
     152
     171
     144
     170
     153
     169
     145
     163
     137
     168
     147
     158
     177
     167
     149
     180
     159
     166
     184
     177
     153
     185
     163
     166
     161
     160
     153
     144
     142
     151
     167
     151
     166
     139
     127
     127
     153
     127
     136
     135
     123
     138
     156
     139
     129
     119
     128
     142
     114
     136
     120
     114
     123
     100
     108
     100
     103
      92
      94
     120
      79
     102
     100
      97
      79
     105
      93
      81
      68
      83
      80
      85
      79
      72
      69
      70
      67
      68
      64
      53
      60
      71
      50
      64
      58
      50
      59
      55
      35
      41
      50
      42
      42
      45
      47
      38
      35
      39
      25
      25
      32
      20
      30
      30
      26
      28
      14
      21
      22
      27
      23
      22
      24
      13
      19
      10
      21
       6
      13
      15
      13
      12
      10
      18
       9
       6
      10
      13
       6
      11
      10
       7
      14
      16
       5
       8
       2
       6
       7
      10
       6
       6
       3
       5
       7
       4
       2
       6
       4
       5
       0
       4
       1
       4
       2
       1
       1
       3
       3
       1
       1
       4
       7
       2
       2
       3
       1
       2
       0
       4
       1
       1
       2
       1
       4
       2
       1
       3
       2
       1
       2
       1
       2
       2
       1
       1
       0
       3
       1
       2
       3
       0
       3
       1
       1
       4
       3
       1
       2
       1
       0
       0
       4
       0
       0
       0
       0
       4
       0
       2
       3
       2
       2
       1
       2
       1
       1
       0
       0
       1
       0
       2
       0
       0
       4
       0
       2
       0
       1
       1
       1
       1
       2
       1
       2
       0
       1
       2
       2
       1
       2
       0
       0
       2
       1
       1
       1
       1
       0
       3
       3
       1
       1
       0
       4
       1
       1
       0
       1
       2
       0
       0
       0
       0
       0
       0
       0
       0
       0
       0
       0
       0
       0
       0
       0
       0
       0
       0
       0
       0
       0
       0
       0
       0
       0
       0
       0
       0
       0
       0
       0
       0
$ROI:
1
780 965
$PRESETS:
Real Time
60
0
$ENER_FIT:
0.000000 0.630393
$MCA_CAL:
3
0.000000E+000 6.303934E-001 0.000000E+000 keV
$SHAPE_CAL:
3
3.727226E+001 0.000000E+000 0.000000E+000
