$SPEC_ID:
Moving Scintillator
$SPEC_REM:
DET# 5
DETDESC# JLAB-9 MCB 135
AP# Maestro Version 7.01
$DATE_MEA:
11/26/2018 15:04:26
$MEAS_TIM:
58 60
$DATA:
0 2047
       0
       0
       0
       0
       0
       0
       0
       0
       0
       0
       0
       0
       0
       0
       0
       0
       0
       0
       0
       0
       0
       0
       0
       0
       0
       0
       0
       0
       0
       0
       0
       0
       0
       0
       0
       0
       0
       0
       0
       0
       0
       0
       0
       0
       0
       0
       0
       0
       1
      22
      32
      35
      30
      36
      40
      33
      40
      33
      42
      34
      37
      32
      33
      35
      31
      42
      30
      26
      29
      38
      41
      38
      36
      31
      49
      39
      23
      40
      40
      32
      35
      38
      31
      35
      39
      45
      36
      47
      43
      45
      42
      39
      34
      31
      33
      40
      47
      35
      44
      37
      33
      45
      35
      51
      38
      37
      33
      45
      40
      31
      37
      46
      32
      39
      42
      40
      50
      26
      44
      43
      35
      39
      53
      33
      34
      41
      44
      44
      31
      48
      44
      56
      44
      50
      42
      44
      36
      38
      44
      45
      42
      49
      30
      50
      39
      38
      57
      47
      37
      40
      30
      46
      37
      38
      46
      34
      41
      51
      29
      36
      38
      40
      54
      39
      36
      50
      44
      49
      37
      41
      41
      45
      49
      48
      50
      45
      50
      52
      54
      40
      50
      49
      45
      45
      56
      47
      59
      60
      44
      55
      50
      51
      60
      40
      40
      45
      48
      52
      56
      50
      55
      62
      59
      47
      55
      52
      42
      50
      47
      53
      50
      58
      63
      46
      57
      62
      56
      62
      67
      50
      68
      59
      70
      55
      66
      67
      63
      72
      71
      65
      87
      69
      65
      68
      72
      65
      64
      77
      50
      62
      44
      67
      79
      52
      58
      63
      66
      58
      49
      59
      61
      55
      50
      41
      62
      64
      57
      67
      53
      65
      56
      58
      49
      54
      53
      63
      46
      43
      56
      62
      55
      66
      58
      56
      62
      54
      64
      47
      66
      74
      63
      56
      58
      56
      62
      51
      65
      52
      56
      58
      54
      58
      57
      56
      61
      59
      66
      63
      56
      53
      56
      66
      54
      77
      51
      57
      52
      42
      58
      59
      55
      64
      55
      68
      65
      47
      61
      59
      68
      68
      77
      68
      55
      59
      64
      61
      72
      55
      54
      49
      56
      61
      53
      56
      58
      64
      47
      69
      65
      53
      63
      59
      61
      61
      56
      59
      49
      55
      68
      54
      60
      75
      64
      61
      77
      50
      64
      58
      60
      67
      58
      56
      58
      66
      56
      66
      67
      74
      62
      77
      63
      53
      74
      54
      57
      54
      91
      57
      54
      51
      59
      65
      60
      68
      61
      54
      63
      58
      60
      51
      50
      58
      49
      70
      61
      55
      70
      47
      69
      62
      49
      63
      58
      58
      42
      61
      69
      61
      56
      56
      60
      59
      65
      61
      65
      60
      56
      52
      74
      62
      64
      58
      60
      63
      69
      57
      64
      68
      60
      57
      66
      56
      65
      66
      63
      65
      65
      46
      58
      61
      67
      78
      75
      55
      65
      71
      60
      58
      60
      72
      60
      37
      72
      62
      75
      64
      65
      66
      72
      59
      65
      59
      59
      58
      73
      69
      77
      62
      56
      66
      61
      63
      67
      62
      54
      74
      59
      68
      66
      48
      66
      47
      59
      66
      59
      49
      54
      68
      65
      79
      59
      65
      67
      52
      65
      78
      57
      69
      63
      68
      75
      64
      60
      80
      55
      73
      51
      47
      68
      85
      72
      72
      51
      68
      66
      59
      74
      55
      81
      61
      65
      71
      66
      74
      74
      68
      64
      57
      70
      75
      90
      77
      59
      50
      72
      88
      59
      74
      76
      69
      51
      70
      69
      73
      67
      87
      64
      79
      63
      77
      69
      67
      68
      77
      64
      63
      64
      78
      59
      77
      85
      67
      63
      71
      67
      75
      67
      68
      88
      60
      61
      68
      63
      69
      69
      65
      66
      68
      64
      48
      61
      75
      68
      70
      63
      66
      75
      70
      59
      65
      65
      60
      54
      55
      60
      70
      65
      59
      68
      51
      70
      59
      71
      74
      47
      60
      68
      70
      60
      54
      61
      50
      62
      59
      67
      59
      71
      57
      57
      50
      64
      54
      76
      63
      51
      58
      57
      57
      55
      58
      66
      72
      64
      46
      52
      47
      59
      57
      48
      66
      59
      52
      54
      53
      55
      57
      54
      45
      64
      63
      63
      57
      48
      63
      60
      66
      53
      58
      57
      56
      61
      39
      65
      61
      47
      53
      53
      58
      63
      63
      65
      54
      59
      58
      57
      51
      60
      54
      35
      67
      50
      53
      61
      43
      48
      53
      55
      57
      46
      54
      50
      57
      52
      46
      43
      51
      48
      63
      52
      44
      48
      53
      56
      56
      56
      59
      43
      52
      49
      48
      51
      62
      48
      48
      37
      60
      45
      53
      48
      55
      55
      51
      55
      53
      40
      49
      53
      54
      54
      55
      55
      46
      49
      55
      49
      58
      38
      40
      45
      60
      44
      48
      54
      40
      49
      59
      45
      49
      52
      48
      53
      46
      43
      56
      54
      47
      62
      54
      52
      53
      49
      54
      57
      35
      46
      63
      54
      56
      53
      47
      54
      46
      48
      63
      45
      54
      52
      51
      54
      44
      56
      53
      48
      46
      45
      57
      51
      56
      48
      41
      58
      41
      51
      36
      45
      44
      61
      54
      41
      62
      45
      58
      53
      60
      50
      47
      43
      45
      52
      43
      45
      54
      34
      40
      44
      50
      43
      38
      36
      55
      48
      49
      45
      28
      44
      62
      47
      53
      41
      40
      50
      55
      45
      52
      47
      47
      46
      47
      47
      44
      39
      50
      39
      48
      52
      45
      55
      45
      59
      43
      63
      59
      57
      52
      41
      53
      41
      58
      51
      31
      37
      41
      41
      48
      54
      46
      52
      49
      50
      41
      45
      41
      48
      37
      42
      40
      63
      47
      52
      40
      45
      50
      36
      49
      42
      45
      44
      38
      40
      49
      58
      39
      47
      52
      41
      51
      38
      55
      42
      47
      56
      47
      43
      38
      42
      53
      41
      24
      53
      35
      37
      53
      42
      43
      44
      37
      39
      45
      43
      54
      46
      47
      57
      58
      35
      41
      40
      49
      44
      49
      44
      49
      42
      62
      44
      45
      50
      44
      50
      42
      42
      40
      51
      36
      54
      42
      42
      37
      43
      42
      52
      41
      54
      38
      44
      46
      54
      40
      43
      44
      46
      39
      50
      45
      43
      63
      53
      51
      49
      34
      32
      32
      42
      48
      49
      39
      37
      48
      54
      39
      48
      43
      49
      37
      40
      52
      36
      45
      33
      50
      45
      34
      42
      46
      35
      46
      36
      35
      47
      46
      49
      50
      36
      48
      45
      39
      52
      45
      37
      44
      44
      38
      47
      49
      51
      54
      34
      46
      38
      44
      42
      52
      55
      49
      45
      53
      53
      36
      49
      53
      51
      53
      45
      42
      45
      38
      55
      53
      54
      45
      44
      45
      57
      55
      50
      37
      38
      37
      48
      43
      45
      36
      54
      44
      55
      55
      38
      51
      36
      32
      59
      47
      40
      51
      47
      47
      48
      57
      40
      50
      51
      39
      48
      53
      47
      54
      50
      43
      39
      44
      46
      36
      49
      42
      45
      48
      53
      47
      40
      45
      48
      55
      47
      39
      43
      57
      67
      54
      53
      51
      40
      41
      44
      43
      44
      47
      45
      37
      48
      54
      58
      46
      52
      50
      44
      43
      47
      39
      39
      49
      43
      39
      33
      45
      53
      46
      45
      51
      45
      37
      50
      59
      45
      58
      40
      46
      43
      47
      55
      36
      39
      45
      49
      33
      48
      48
      44
      47
      56
      61
      49
      36
      46
      47
      47
      46
      49
      45
      51
      58
      53
      41
      56
      52
      47
      50
      46
      52
      53
      43
      45
      46
      37
      35
      40
      47
      39
      50
      41
      44
      41
      51
      40
      47
      47
      48
      50
      42
      47
      59
      49
      49
      35
      34
      42
      52
      36
      56
      39
      45
      49
      40
      49
      56
      38
      50
      40
      49
      33
      47
      43
      51
      32
      37
      36
      38
      40
      46
      46
      33
      36
      37
      30
      40
      37
      35
      30
      49
      25
      40
      44
      34
      38
      35
      37
      33
      35
      45
      35
      38
      37
      35
      29
      36
      33
      29
      19
      38
      34
      39
      32
      41
      42
      43
      30
      34
      21
      38
      35
      32
      31
      33
      29
      34
      39
      30
      22
      24
      29
      37
      19
      30
      28
      31
      24
      24
      40
      20
      26
      27
      27
      26
      24
      31
      28
      23
      26
      37
      29
      25
      23
      17
      34
      28
      16
      21
      23
      24
      25
      30
      27
      34
      16
      26
      21
      26
      20
      19
      26
      25
      16
      17
      19
      15
      16
      15
      19
      19
      16
      23
      23
      19
      26
      24
      23
      25
      22
      18
      24
      23
      16
      11
      21
      22
      18
      16
      24
      15
      16
      18
      17
      29
      17
      17
      22
      18
      23
      22
      19
      20
      22
      22
      15
      18
      17
      23
      14
      14
      22
      18
      16
      26
      20
      17
      12
      18
      15
      17
      18
      20
      11
      15
      15
      15
      14
      20
      13
      16
      17
      13
      11
      14
      17
      16
      21
      17
      14
      20
      19
      12
      12
      23
      20
      17
      16
      19
      20
      15
      23
       9
      17
      14
      14
      27
      22
      20
      20
      19
      19
      19
      14
       9
      10
      12
      10
      15
      20
      20
      19
      21
      14
      19
      15
      11
      12
      10
      10
      17
      20
      13
      10
      15
       8
      16
       6
      18
       6
      15
      21
      13
      15
      17
      16
      18
      20
      13
      16
       6
      17
      23
      17
      18
      14
      16
      13
      17
       9
      16
      13
      13
      16
      11
      10
      19
      12
      16
      10
      16
      12
      20
      12
      14
      12
      16
      14
      12
      11
      22
      12
      17
      15
      11
      11
      16
      12
      15
      16
       8
      13
      15
       9
       9
      16
      11
      15
      10
      22
      12
      16
      16
      10
       7
      13
      13
      18
      13
      11
      22
      15
       7
      17
      11
      20
      22
      20
      14
      13
      19
      15
      12
      19
      15
       9
      16
       9
      15
      13
      15
      21
      15
      15
      14
      11
      16
      11
      16
      12
      19
       8
       9
      16
      14
       6
      10
      13
      12
      16
      14
      24
      14
      18
       6
      17
      20
      16
      12
      15
      16
      15
      12
      13
      20
      14
      15
      13
      15
      12
      17
      15
      19
      12
       7
       9
      14
      13
      21
      10
      16
      11
      20
      13
       6
      19
      17
      15
      18
      11
      17
      10
      15
       9
      18
       9
      16
      24
      15
      19
      20
      19
      16
      14
      18
      18
      16
      10
      14
      13
      22
      18
      16
      30
      20
       6
      18
      14
      20
      20
      18
      28
      17
      25
      22
      21
      29
      29
      26
      26
      22
      18
      28
      25
      20
      34
      33
      39
      23
      22
      30
      32
      47
      29
      26
      40
      32
      33
      29
      37
      45
      41
      31
      42
      51
      47
      44
      49
      40
      42
      53
      46
      48
      60
      55
      65
      61
      62
      57
      57
      66
      58
      52
      59
      55
      72
      79
      68
      63
      90
     101
      74
      77
      85
      85
      85
      95
      98
     107
      98
      94
      90
      95
     107
      96
      94
     133
     122
      97
     111
     132
     125
     135
     137
     126
     135
     123
     129
     152
     143
     160
     159
     167
     154
     144
     143
     143
     161
     166
     172
     167
     166
     162
     186
     178
     189
     181
     177
     181
     182
     188
     208
     218
     240
     177
     200
     220
     201
     198
     243
     207
     231
     225
     227
     202
     251
     245
     227
     219
     218
     247
     238
     226
     219
     236
     244
     242
     228
     257
     243
     248
     276
     262
     256
     246
     242
     249
     242
     259
     258
     241
     240
     281
     256
     246
     243
     242
     236
     220
     231
     241
     220
     257
     224
     250
     229
     238
     233
     259
     219
     236
     259
     232
     238
     226
     198
     214
     254
     200
     212
     204
     201
     198
     210
     209
     199
     182
     167
     193
     187
     180
     175
     178
     167
     175
     132
     175
     177
     163
     161
     127
     161
     151
     146
     148
     132
     141
     164
     117
     146
     118
     122
     110
     122
     112
     108
      83
      94
     103
      98
      92
      84
     108
      76
      91
      82
      74
      89
      72
      60
      79
      73
      61
      63
      64
      56
      65
      47
      51
      48
      47
      51
      43
      37
      39
      44
      29
      43
      30
      32
      27
      44
      34
      29
      31
      28
      30
      31
      18
      26
      19
      19
      18
      21
      16
      22
      21
      17
      15
      10
      16
      20
       9
      17
      11
      12
       5
      13
       5
      18
       6
       5
       9
       9
       8
       6
       6
       5
       4
      12
       6
       9
       4
       5
       5
       5
       3
       2
       3
       3
       2
       5
       1
       7
       4
       2
       1
       4
       1
       1
       3
       3
       3
       1
       4
       2
       0
       1
       2
       4
       3
       1
       1
       1
       3
       1
       2
       1
       0
       0
       0
       4
       1
       2
       4
       0
       1
       1
       2
       2
       2
       0
       1
       1
       1
       0
       6
       1
       1
       3
       0
       2
       1
       1
       0
       2
       2
       1
       2
       0
       1
       1
       0
       0
       1
       1
       2
       0
       1
       2
       2
       0
       1
       3
       1
       2
       2
       2
       1
       2
       2
       4
       0
       3
       1
       2
       2
       1
       2
       1
       1
       1
       1
       2
       2
       0
       0
       1
       0
       0
       0
       0
       0
       0
       0
       0
       0
       0
       0
       0
       0
       0
       0
       0
       0
       0
       0
       0
       0
       0
       0
       0
       0
       0
       0
       0
       0
       0
       0
       0
       0
$ROI:
1
780 965
$PRESETS:
Real Time
60
0
$ENER_FIT:
0.000000 0.630393
$MCA_CAL:
3
0.000000E+000 6.303934E-001 0.000000E+000 keV
$SHAPE_CAL:
3
3.727226E+001 0.000000E+000 0.000000E+000
