$SPEC_ID:
Moving Scintillator
$SPEC_REM:
DET# 5
DETDESC# JLAB-9 MCB 135
AP# Maestro Version 7.01
$DATE_MEA:
11/28/2018 14:40:19
$MEAS_TIM:
58 60
$DATA:
0 2047
       0
       0
       0
       0
       0
       0
       0
       0
       0
       0
       0
       0
       0
       0
       0
       0
       0
       0
       0
       0
       0
       0
       0
       0
       0
       0
       0
       0
       0
       0
       0
       0
       0
       0
       0
       0
       0
       0
       0
       0
       0
       0
       0
       0
       0
       0
       0
       0
       1
      25
      37
      42
      32
      37
      32
      39
      34
      34
      30
      35
      27
      36
      35
      33
      33
      36
      34
      24
      38
      33
      24
      33
      36
      35
      38
      26
      40
      35
      40
      30
      43
      46
      31
      31
      29
      41
      36
      49
      40
      36
      28
      30
      35
      43
      39
      45
      53
      41
      39
      41
      47
      46
      47
      38
      34
      39
      32
      25
      31
      40
      44
      42
      38
      41
      38
      44
      37
      38
      44
      43
      40
      40
      48
      57
      46
      36
      36
      33
      46
      34
      40
      40
      40
      48
      39
      34
      52
      44
      42
      28
      42
      30
      41
      62
      40
      44
      43
      32
      43
      43
      38
      39
      28
      42
      51
      41
      41
      52
      52
      44
      40
      48
      42
      44
      40
      51
      40
      39
      39
      45
      43
      46
      54
      49
      50
      55
      51
      49
      50
      54
      49
      55
      39
      56
      48
      45
      46
      40
      55
      64
      52
      49
      52
      41
      56
      56
      50
      50
      48
      37
      43
      49
      63
      56
      61
      60
      55
      54
      62
      55
      54
      56
      53
      50
      66
      61
      68
      69
      61
      77
      64
      71
      66
      60
      73
      67
      69
      66
      75
      78
      60
      67
      57
      72
      49
      65
      61
      59
      62
      66
      76
      59
      64
      57
      50
      58
      66
      66
      59
      49
      64
      60
      67
      69
      79
      63
      58
      64
      57
      61
      38
      60
      44
      64
      71
      60
      61
      55
      58
      77
      65
      59
      58
      49
      64
      63
      57
      58
      51
      68
      84
      77
      42
      63
      53
      48
      70
      63
      51
      55
      48
      70
      65
      56
      47
      58
      45
      72
      64
      62
      59
      56
      71
      72
      70
      54
      69
      62
      59
      64
      60
      60
      80
      56
      59
      54
      60
      55
      62
      67
      61
      56
      61
      52
      64
      65
      63
      59
      54
      50
      64
      48
      63
      50
      57
      71
      56
      71
      72
      65
      63
      70
      70
      53
      65
      66
      63
      63
      66
      65
      54
      76
      50
      67
      68
      51
      55
      70
      52
      50
      53
      57
      63
      65
      61
      62
      49
      56
      51
      59
      67
      64
      36
      65
      76
      65
      70
      60
      67
      73
      72
      72
      45
      52
      49
      57
      56
      58
      65
      49
      62
      61
      66
      63
      60
      58
      55
      61
      54
      55
      73
      63
      60
      67
      79
      61
      66
      69
      63
      50
      63
      55
      50
      78
      73
      62
      60
      67
      68
      52
      68
      63
      66
      74
      61
      55
      66
      60
      55
      55
      48
      60
      65
      64
      68
      64
      46
      62
      54
      64
      80
      62
      62
      59
      60
      74
      60
      57
      61
      56
      62
      52
      61
      69
      62
      53
      59
      68
      63
      52
      56
      59
      46
      67
      75
      56
      58
      51
      58
      56
      64
      53
      63
      49
      52
      65
      68
      75
      66
      64
      56
      55
      72
      63
      62
      53
      45
      72
      74
      52
      59
      63
      65
      79
      64
      53
      65
      61
      56
      46
      52
      58
      63
      62
      72
      61
      58
      84
      58
      75
      58
      60
      72
      55
      58
      86
      74
      62
      56
      64
      90
      71
      63
      82
      76
      64
      70
      76
      62
      80
      68
      68
      72
      75
      68
      62
      76
      80
      69
      72
      70
      70
      71
      69
      88
      87
      80
      55
      78
      67
      87
      63
      65
      64
      70
      64
      58
      80
      79
      59
      81
      57
      80
      62
      80
      77
      64
      79
      70
      63
      70
      59
      70
      69
      70
      66
      56
      60
      76
      59
      71
      77
      77
      61
      61
      67
      60
      53
      75
      63
      74
      61
      67
      64
      73
      55
      53
      58
      58
      52
      69
      55
      69
      61
      71
      52
      66
      61
      65
      48
      52
      47
      62
      70
      67
      58
      60
      58
      46
      56
      79
      51
      53
      60
      47
      65
      53
      75
      51
      60
      55
      61
      56
      50
      60
      55
      77
      59
      56
      56
      64
      54
      46
      53
      64
      53
      60
      52
      52
      40
      50
      52
      49
      57
      53
      55
      55
      52
      56
      53
      56
      57
      49
      50
      51
      51
      58
      65
      62
      64
      49
      39
      60
      50
      68
      59
      49
      45
      54
      58
      62
      48
      42
      51
      57
      50
      44
      59
      68
      66
      46
      51
      60
      47
      56
      43
      56
      46
      56
      41
      54
      52
      51
      62
      53
      53
      53
      40
      63
      54
      53
      66
      48
      43
      62
      53
      54
      53
      43
      48
      48
      42
      47
      52
      39
      47
      44
      48
      48
      53
      60
      47
      54
      43
      48
      56
      55
      35
      49
      46
      55
      42
      45
      42
      67
      42
      59
      60
      47
      48
      42
      53
      59
      51
      50
      52
      45
      53
      54
      48
      51
      53
      63
      48
      47
      45
      53
      47
      51
      49
      55
      52
      44
      55
      56
      40
      51
      37
      56
      51
      44
      37
      47
      43
      34
      59
      56
      59
      41
      41
      45
      55
      35
      33
      55
      45
      50
      55
      48
      46
      51
      45
      56
      59
      54
      45
      49
      45
      52
      40
      55
      45
      47
      61
      47
      64
      34
      35
      55
      42
      44
      45
      59
      52
      62
      50
      45
      46
      37
      44
      59
      56
      47
      54
      45
      30
      51
      42
      54
      54
      47
      32
      44
      48
      53
      50
      43
      36
      43
      53
      49
      53
      50
      35
      51
      48
      48
      49
      34
      57
      36
      52
      44
      50
      44
      50
      43
      36
      42
      45
      34
      51
      39
      56
      48
      37
      38
      35
      55
      49
      41
      53
      41
      47
      44
      46
      48
      40
      53
      46
      42
      40
      49
      34
      42
      44
      48
      39
      43
      40
      45
      53
      41
      48
      56
      39
      49
      39
      39
      53
      44
      55
      45
      38
      29
      38
      42
      47
      47
      42
      45
      47
      44
      54
      43
      45
      37
      42
      34
      43
      61
      45
      61
      50
      55
      44
      53
      50
      42
      51
      40
      48
      34
      50
      44
      44
      51
      40
      41
      45
      45
      43
      44
      44
      50
      43
      49
      51
      47
      55
      38
      44
      52
      41
      30
      43
      56
      45
      53
      49
      48
      47
      38
      47
      50
      47
      45
      46
      45
      46
      51
      55
      46
      50
      46
      32
      57
      37
      39
      44
      45
      36
      43
      51
      43
      39
      44
      51
      47
      41
      39
      45
      39
      45
      40
      45
      45
      45
      40
      49
      49
      44
      46
      43
      35
      47
      47
      47
      54
      41
      53
      50
      50
      33
      42
      51
      35
      46
      46
      44
      55
      48
      52
      50
      41
      36
      44
      49
      55
      27
      36
      33
      40
      46
      38
      45
      40
      39
      59
      41
      58
      52
      43
      52
      58
      48
      51
      41
      43
      48
      55
      46
      39
      45
      48
      40
      38
      44
      53
      52
      46
      50
      59
      42
      35
      53
      38
      37
      47
      50
      40
      43
      42
      60
      57
      56
      38
      35
      48
      48
      46
      51
      41
      47
      46
      41
      54
      41
      50
      56
      45
      42
      48
      45
      46
      47
      44
      56
      40
      52
      42
      49
      61
      36
      48
      43
      31
      46
      48
      36
      60
      49
      53
      32
      43
      43
      36
      54
      50
      50
      57
      54
      41
      44
      47
      41
      50
      45
      46
      38
      44
      36
      54
      49
      46
      36
      44
      52
      43
      42
      44
      59
      54
      44
      40
      45
      48
      44
      43
      51
      46
      61
      56
      47
      47
      46
      49
      33
      47
      48
      52
      46
      40
      37
      56
      49
      37
      48
      45
      39
      35
      46
      47
      31
      56
      41
      43
      46
      46
      64
      53
      39
      42
      42
      43
      39
      48
      41
      38
      43
      37
      36
      61
      42
      52
      40
      43
      38
      34
      39
      34
      33
      31
      40
      36
      36
      32
      34
      39
      50
      28
      29
      41
      30
      46
      39
      29
      44
      29
      38
      45
      30
      34
      41
      33
      31
      40
      33
      37
      36
      28
      32
      37
      37
      31
      28
      37
      38
      35
      29
      43
      18
      29
      31
      32
      34
      28
      21
      30
      23
      42
      22
      41
      34
      27
      41
      28
      30
      20
      36
      30
      25
      24
      27
      21
      29
      26
      31
      21
      23
      31
      19
      25
      31
      26
      23
      23
      23
      31
      16
      23
      17
      25
      23
      24
      24
      24
      18
      14
      23
      19
      26
      26
      27
      22
      20
      22
      29
      20
      21
      10
      17
      17
      20
      23
      14
      20
      27
      20
      21
      20
      19
      19
      17
      19
      18
      21
      14
      24
      13
      25
      17
      17
      21
      17
      21
      20
      21
      16
      18
      19
      20
      13
      14
      23
      23
      11
      16
      13
      17
      25
      19
      17
      11
      15
      17
      22
      19
      15
      24
      12
      10
      20
      15
      12
      15
      12
       9
      13
      14
      16
      15
      12
      19
      20
      13
      22
      20
      19
      23
      16
      17
      16
      20
      17
       9
      14
      29
      12
      17
      18
      17
      20
      15
      18
      14
      13
      15
      10
      11
      19
      12
      11
      15
      12
       8
      20
      12
      11
      17
      14
      20
      20
      19
      13
      23
      19
      14
      13
      15
      18
      15
      14
      14
      11
      15
      18
      16
      16
       9
      15
       7
      19
      12
      21
      12
      16
      20
      18
      14
      14
      12
      10
      20
      19
       9
      15
       6
      11
      13
       9
       8
      12
      18
      11
      11
      14
      15
      12
      12
      12
      12
      11
      11
      16
      11
      19
      12
      16
      12
      17
      11
      12
      12
      10
      26
      13
      15
      18
      13
      17
      18
      14
      14
      14
      12
      16
      13
      11
      17
      11
      18
      16
      13
      11
      14
      11
      12
      16
      12
      11
       5
      17
      12
      16
      11
      14
      14
      19
      15
      15
      15
      12
      19
      12
      12
      13
      16
      17
      14
      10
      15
      10
      18
      12
      23
      13
       9
      14
      14
      10
      13
      15
      12
      12
      16
       9
       9
      20
      15
       9
      20
      19
      15
      23
       7
      20
      12
      17
      20
      11
      23
      12
      11
      18
      18
      17
      13
      16
      12
      17
      20
      18
       7
      16
      12
      25
      14
      18
      13
      12
      17
      21
      10
       8
      19
      22
      15
       9
      17
      14
      13
      19
      20
      19
      16
      25
      15
      17
      25
      15
      19
      19
      15
      20
      19
      24
      17
      17
      21
      20
      21
      21
      25
      20
      26
      19
      21
      31
      31
      27
      28
      22
      31
      34
      21
      25
      27
      39
      25
      15
      27
      22
      32
      37
      22
      38
      29
      34
      32
      29
      37
      38
      29
      36
      43
      42
      42
      30
      56
      48
      42
      40
      51
      42
      59
      46
      50
      46
      50
      51
      61
      45
      72
      58
      53
      71
      51
      70
      90
      73
      56
      76
      75
      80
      85
      74
      73
      83
      96
      83
      83
      79
      81
      98
      90
      88
      98
     107
     111
     124
     121
     123
     122
     121
     121
     121
     135
     144
     135
     136
     116
     141
     153
     129
     143
     144
     120
     151
     154
     159
     168
     140
     159
     156
     147
     157
     182
     162
     164
     195
     164
     191
     173
     197
     194
     240
     215
     159
     209
     198
     214
     218
     229
     250
     237
     216
     211
     219
     239
     217
     233
     263
     227
     218
     224
     232
     254
     244
     222
     232
     260
     255
     252
     257
     252
     236
     258
     236
     233
     244
     247
     257
     268
     275
     253
     274
     234
     242
     254
     248
     248
     262
     259
     243
     235
     239
     227
     223
     254
     235
     239
     221
     237
     222
     205
     212
     233
     224
     217
     221
     180
     214
     220
     213
     219
     192
     192
     209
     190
     189
     186
     200
     215
     190
     219
     149
     159
     185
     160
     158
     139
     148
     142
     162
     155
     146
     147
     133
     136
     141
     127
     132
     134
     121
     157
     120
     115
     106
      99
     101
     125
     102
      99
     107
      83
      85
     106
      80
      96
      72
      87
      74
      72
      96
      68
      73
      56
      54
      63
      58
      53
      50
      50
      48
      48
      58
      56
      40
      35
      38
      33
      48
      41
      30
      27
      31
      38
      33
      24
      25
      17
      26
      22
      19
      21
      22
      25
      23
      15
      14
      15
      18
      12
      14
      13
      20
      12
      12
      14
       9
       7
      14
       7
       4
      10
       4
       6
       8
       5
       7
       5
       2
       7
       3
       3
       8
       5
       4
       2
       8
       4
       1
       2
       5
       4
       5
       8
       5
       1
       1
       1
       3
       4
       2
       1
       1
       4
       2
       1
       1
       2
       2
       3
       1
       3
       3
       2
       0
       0
       2
       1
       2
       0
       2
       2
       0
       2
       3
       2
       3
       1
       0
       3
       3
       1
       0
       2
       4
       3
       6
       3
       1
       2
       0
       2
       0
       1
       4
       1
       4
       0
       5
       0
       1
       4
       3
       3
       2
       1
       2
       2
       0
       1
       2
       2
       2
       1
       1
       2
       2
       3
       2
       3
       3
       1
       1
       2
       1
       4
       4
       2
       2
       2
       0
       3
       3
       0
       0
       0
       0
       2
       2
       2
       2
       0
       2
       3
       3
       1
       2
       2
       1
       4
       2
       2
       0
       0
       0
       0
       0
       0
       0
       0
       0
       0
       0
       0
       0
       0
       0
       0
       0
       0
       0
       0
       0
       0
       0
       0
       0
       0
       0
       0
       0
       0
       0
       0
$ROI:
1
780 965
$PRESETS:
Real Time
60
0
$ENER_FIT:
0.000000 0.630393
$MCA_CAL:
3
0.000000E+000 6.303934E-001 0.000000E+000 keV
$SHAPE_CAL:
3
3.727226E+001 0.000000E+000 0.000000E+000
