$SPEC_ID:
Moving Scintillator
$SPEC_REM:
DET# 5
DETDESC# JLAB-9 MCB 135
AP# Maestro Version 7.01
$DATE_MEA:
11/28/2018 14:51:26
$MEAS_TIM:
58 60
$DATA:
0 2047
       0
       0
       0
       0
       0
       0
       0
       0
       0
       0
       0
       0
       0
       0
       0
       0
       0
       0
       0
       0
       0
       0
       0
       0
       0
       0
       0
       0
       0
       0
       0
       0
       0
       0
       0
       0
       0
       0
       0
       0
       0
       0
       0
       0
       0
       0
       0
       0
       0
      24
      27
      31
      33
      47
      29
      28
      34
      32
      26
      26
      28
      24
      26
      24
      26
      23
      28
      34
      27
      31
      36
      31
      26
      32
      37
      22
      36
      25
      30
      31
      29
      41
      32
      25
      34
      29
      28
      38
      26
      40
      22
      31
      35
      34
      34
      18
      32
      31
      38
      34
      29
      31
      33
      30
      29
      44
      34
      32
      34
      28
      35
      39
      32
      31
      25
      37
      29
      30
      43
      35
      35
      33
      31
      32
      31
      23
      27
      27
      31
      38
      29
      41
      38
      36
      29
      31
      26
      36
      32
      41
      38
      36
      43
      30
      31
      35
      31
      46
      30
      47
      42
      40
      40
      30
      46
      37
      28
      34
      44
      51
      28
      37
      37
      40
      50
      37
      37
      32
      37
      42
      49
      47
      44
      43
      35
      44
      39
      33
      43
      50
      31
      37
      37
      41
      48
      49
      39
      37
      38
      46
      40
      43
      50
      46
      43
      48
      40
      46
      55
      49
      51
      43
      49
      49
      46
      56
      53
      56
      56
      56
      50
      57
      49
      52
      56
      59
      62
      48
      51
      61
      60
      52
      54
      53
      56
      46
      58
      44
      41
      72
      51
      46
      49
      56
      62
      48
      60
      55
      35
      56
      50
      50
      58
      57
      71
      45
      55
      58
      45
      50
      48
      61
      52
      68
      43
      44
      53
      64
      46
      71
      60
      59
      54
      47
      54
      63
      39
      53
      52
      56
      50
      43
      39
      55
      50
      56
      51
      52
      51
      53
      56
      50
      53
      44
      43
      58
      60
      44
      65
      49
      51
      56
      45
      55
      44
      42
      52
      47
      50
      53
      50
      48
      69
      45
      68
      67
      56
      57
      40
      56
      46
      69
      53
      52
      56
      58
      52
      63
      65
      45
      60
      63
      63
      57
      44
      60
      52
      62
      62
      49
      58
      48
      60
      53
      60
      64
      67
      57
      50
      53
      51
      50
      54
      52
      44
      65
      49
      58
      53
      54
      53
      68
      59
      56
      42
      49
      59
      52
      57
      44
      38
      40
      50
      48
      50
      61
      58
      57
      43
      55
      63
      36
      55
      48
      65
      51
      56
      61
      54
      54
      57
      44
      53
      66
      60
      51
      55
      51
      57
      56
      37
      49
      66
      45
      56
      46
      46
      48
      46
      54
      72
      48
      47
      50
      52
      50
      58
      56
      49
      53
      67
      48
      69
      59
      48
      53
      50
      52
      48
      58
      48
      55
      42
      49
      50
      52
      43
      47
      48
      58
      58
      40
      46
      50
      58
      48
      51
      55
      62
      50
      53
      61
      54
      51
      47
      50
      56
      56
      55
      51
      52
      48
      57
      56
      55
      54
      65
      45
      52
      57
      50
      63
      65
      62
      52
      37
      41
      49
      65
      57
      59
      60
      57
      49
      47
      46
      42
      57
      51
      34
      52
      55
      71
      54
      59
      48
      63
      54
      52
      53
      49
      55
      53
      44
      61
      63
      65
      54
      77
      57
      60
      76
      52
      63
      49
      47
      67
      65
      62
      66
      66
      63
      49
      73
      62
      57
      74
      67
      60
      47
      50
      57
      70
      68
      55
      63
      55
      69
      73
      58
      55
      65
      63
      60
      63
      65
      52
      68
      57
      64
      46
      60
      47
      60
      57
      72
      55
      63
      62
      48
      52
      54
      63
      50
      49
      63
      64
      64
      54
      56
      64
      57
      46
      55
      55
      56
      60
      76
      52
      55
      59
      62
      65
      47
      61
      59
      52
      54
      69
      52
      54
      58
      49
      50
      53
      55
      39
      51
      45
      73
      52
      67
      54
      49
      55
      63
      33
      65
      49
      42
      55
      50
      52
      40
      52
      45
      58
      46
      43
      48
      50
      45
      61
      63
      44
      42
      53
      44
      37
      32
      49
      46
      54
      57
      53
      36
      42
      54
      47
      47
      48
      57
      48
      35
      69
      54
      46
      60
      54
      43
      50
      44
      45
      59
      27
      60
      39
      46
      42
      50
      57
      41
      56
      47
      36
      62
      44
      57
      48
      47
      36
      45
      50
      49
      40
      41
      46
      35
      53
      46
      46
      34
      41
      51
      46
      46
      45
      46
      47
      47
      50
      51
      41
      46
      43
      49
      46
      61
      43
      51
      42
      51
      45
      47
      42
      46
      52
      39
      32
      46
      48
      38
      48
      58
      36
      37
      41
      48
      59
      50
      36
      40
      54
      42
      51
      47
      51
      34
      45
      41
      40
      50
      39
      39
      39
      34
      37
      37
      33
      27
      32
      37
      42
      34
      30
      46
      42
      36
      35
      30
      39
      55
      43
      37
      36
      38
      45
      33
      47
      37
      37
      45
      34
      52
      40
      47
      38
      42
      47
      44
      44
      28
      49
      41
      43
      38
      38
      40
      44
      39
      34
      43
      44
      53
      45
      37
      36
      42
      45
      32
      37
      40
      36
      33
      40
      38
      47
      46
      49
      40
      47
      37
      28
      52
      38
      51
      39
      35
      40
      46
      27
      55
      45
      53
      39
      43
      37
      40
      42
      38
      40
      33
      36
      38
      37
      38
      39
      41
      50
      34
      52
      37
      42
      40
      35
      42
      31
      37
      28
      39
      37
      29
      43
      38
      34
      46
      32
      47
      40
      37
      34
      40
      41
      35
      38
      46
      63
      25
      35
      47
      39
      34
      38
      33
      36
      34
      53
      35
      38
      22
      44
      34
      41
      35
      38
      37
      50
      37
      32
      36
      44
      39
      32
      44
      32
      37
      34
      40
      38
      37
      50
      48
      39
      39
      38
      46
      43
      30
      31
      44
      36
      42
      30
      26
      55
      34
      43
      46
      42
      37
      40
      31
      36
      46
      51
      30
      40
      28
      34
      39
      32
      40
      38
      35
      36
      31
      49
      48
      45
      40
      38
      36
      27
      40
      44
      35
      38
      33
      41
      42
      35
      42
      47
      40
      32
      35
      38
      31
      36
      33
      38
      41
      39
      48
      27
      47
      35
      35
      34
      28
      38
      27
      34
      40
      44
      41
      43
      31
      36
      38
      35
      35
      38
      34
      35
      48
      50
      36
      31
      41
      39
      37
      38
      34
      35
      37
      40
      45
      33
      40
      33
      38
      36
      32
      48
      41
      31
      31
      38
      46
      36
      32
      39
      45
      42
      38
      44
      43
      35
      29
      63
      36
      37
      40
      37
      34
      28
      41
      42
      35
      30
      53
      37
      35
      38
      32
      41
      53
      42
      31
      49
      37
      33
      40
      25
      32
      41
      43
      31
      40
      32
      38
      39
      33
      32
      38
      48
      39
      35
      33
      36
      28
      40
      43
      37
      34
      39
      27
      31
      38
      34
      33
      35
      37
      34
      31
      46
      35
      34
      34
      37
      42
      36
      46
      41
      38
      34
      36
      39
      51
      32
      39
      43
      31
      33
      46
      32
      38
      43
      35
      38
      34
      29
      39
      41
      47
      49
      36
      40
      51
      38
      46
      45
      57
      43
      39
      43
      37
      33
      37
      41
      37
      39
      32
      41
      35
      50
      36
      36
      50
      27
      47
      49
      36
      39
      42
      40
      33
      38
      42
      37
      46
      38
      44
      39
      31
      47
      37
      44
      47
      40
      43
      47
      44
      28
      34
      47
      40
      42
      40
      32
      50
      32
      30
      33
      45
      38
      38
      32
      32
      39
      44
      32
      45
      34
      46
      36
      32
      40
      43
      35
      31
      35
      41
      38
      34
      37
      37
      35
      36
      28
      27
      38
      35
      25
      32
      29
      42
      44
      27
      34
      44
      30
      34
      31
      29
      32
      30
      36
      31
      27
      20
      38
      18
      31
      29
      39
      40
      25
      27
      20
      30
      27
      33
      34
      33
      28
      34
      32
      26
      29
      36
      34
      13
      21
      29
      25
      28
      25
      18
      23
      25
      15
      20
      16
      21
      20
      21
      26
       9
      19
      19
      32
      19
      15
      23
      13
      23
      21
      20
      26
      19
      29
      18
      21
      32
      27
      34
      19
      17
      23
      15
      20
      19
      16
      24
       9
      18
      17
      15
      12
      14
      17
      21
      19
      13
      21
      25
      17
      25
      10
      10
      17
      20
      21
      19
      12
      20
      17
      13
      16
      11
      10
      14
      20
      17
      12
      24
      13
      10
      19
      11
      24
      22
      16
      18
      18
      20
      12
      15
      17
      15
      11
      14
      13
      19
      11
      20
       9
      13
      12
      17
      10
      15
      15
      11
      14
      18
      16
      14
      18
      11
      19
      14
      16
      12
      17
      12
      12
      17
      17
      11
      13
      12
      12
      16
      13
       9
      15
      13
      11
      13
       7
      15
      14
      19
      10
      17
      13
      12
      17
       9
       7
      19
      11
      19
      11
      15
      11
      16
      15
       9
       9
      12
      10
       9
      18
      10
      10
      15
      13
      14
      10
      14
       9
      11
      14
      12
       6
      10
      16
      17
      13
       8
       9
      14
      12
      16
      17
      11
       7
      15
      10
       9
       8
      14
       9
      14
      16
      13
      13
      15
       9
      16
       9
      10
      15
       7
      17
      15
      16
      18
      12
      11
       9
      11
       7
      11
      12
      11
      15
      14
      11
      12
       9
      19
      10
       8
       8
      16
      16
      18
      17
      13
      16
      13
       8
       4
      12
      11
      10
       9
      11
      11
      13
       9
      12
      12
      18
       8
      10
      18
      13
      10
      11
      11
      11
      14
       9
      10
      12
       8
      15
      17
      14
       7
       6
      12
      16
      17
      13
      14
      14
      11
      12
       9
       5
      11
      13
       7
      14
       8
      12
      18
      12
      19
       7
      17
      10
      14
      10
      13
      17
      15
      12
       9
      14
      11
       6
      11
       7
       7
       9
      14
       9
      11
      13
      18
      11
      14
      14
      12
      16
      13
       7
       9
      12
      11
      11
      17
      20
       7
      13
      15
      11
      14
      10
       9
      12
      12
      18
      18
      22
      12
      20
      13
      18
      16
      20
      14
      16
      15
      15
      17
      16
      11
      15
      13
      12
      22
      10
       6
      18
      16
      13
      20
      15
      21
      19
      15
      17
      28
      22
      18
      27
      21
      15
      15
      17
      17
      21
      26
      26
      17
      22
      18
      26
      21
      33
      27
      17
      20
      29
      22
      32
      19
      30
      36
      27
      24
      26
      31
      37
      35
      42
      37
      31
      44
      59
      30
      41
      46
      32
      34
      31
      57
      41
      58
      47
      48
      59
      63
      49
      62
      55
      68
      68
      59
      68
      63
      67
      66
      71
      69
      72
      85
      84
      91
      75
      82
     112
      72
      81
      73
      99
      94
      95
      89
      99
      93
     103
     103
     103
     109
     122
     126
     115
     115
     118
     110
     129
     125
     130
     119
     115
     127
     135
     138
     172
     149
     135
     127
     143
     158
     148
     169
     177
     158
     154
     156
     201
     176
     189
     163
     194
     166
     167
     179
     168
     198
     207
     171
     193
     194
     211
     193
     193
     207
     176
     202
     176
     201
     217
     211
     222
     213
     206
     210
     201
     212
     204
     216
     205
     232
     191
     217
     199
     209
     187
     213
     203
     216
     227
     202
     213
     195
     216
     198
     208
     184
     175
     217
     191
     196
     179
     212
     170
     201
     213
     197
     204
     167
     155
     186
     171
     143
     160
     158
     200
     166
     186
     179
     179
     161
     184
     145
     134
     138
     150
     140
     145
     130
     136
     141
     102
     133
     120
     131
      97
      97
     114
     104
     109
      99
     100
     120
      89
     103
     105
      93
      86
      83
      88
      89
      90
      66
      69
      69
      70
      58
      57
      60
      66
      67
      40
      68
      58
      45
      53
      46
      55
      45
      51
      37
      34
      39
      26
      41
      42
      33
      32
      42
      21
      32
      38
      23
      26
      14
      22
      25
      23
      14
      18
      14
      21
      16
      14
      19
      14
      15
      10
      16
       8
      11
       4
      10
       4
      11
       9
       9
       4
      13
       7
      12
       5
       4
       8
       9
       5
       7
       3
       8
       3
       3
       2
       3
       8
       2
       5
       4
       8
       5
       3
       5
       5
       3
       3
       5
       4
       2
       5
       3
       5
       6
       3
       2
       1
       1
       2
       2
       2
       2
       3
       1
       0
       0
       1
       2
       1
       2
       0
       4
       0
       4
       2
       2
       0
       1
       0
       2
       0
       1
       0
       3
       1
       2
       0
       0
       1
       2
       1
       2
       0
       1
       0
       2
       2
       2
       1
       2
       0
       1
       1
       1
       1
       1
       1
       1
       0
       0
       1
       2
       5
       1
       0
       1
       0
       0
       0
       3
       1
       2
       2
       0
       1
       4
       2
       0
       1
       0
       1
       0
       1
       1
       0
       4
       3
       0
       1
       0
       3
       1
       1
       1
       1
       3
       1
       3
       1
       1
       0
       2
       1
       0
       2
       0
       0
       2
       3
       1
       0
       1
       1
       0
       1
       2
       2
       2
       0
       2
       3
       1
       2
       0
       0
       2
       3
       1
       2
       1
       2
       2
       1
       1
       0
       2
       4
       2
       0
       1
       0
       0
       1
       1
       1
       2
       2
       2
       0
       0
       1
       2
       1
       0
       3
       0
       0
       0
       0
       0
       0
       0
       0
       0
       0
       0
       0
       0
       0
       0
       0
       0
       0
       0
       0
       0
       0
       0
       0
       0
       0
       0
       0
       0
       0
       0
       0
       0
$ROI:
1
780 965
$PRESETS:
Real Time
60
0
$ENER_FIT:
0.000000 0.630393
$MCA_CAL:
3
0.000000E+000 6.303934E-001 0.000000E+000 keV
$SHAPE_CAL:
3
3.727226E+001 0.000000E+000 0.000000E+000
