$SPEC_ID:
Moving Scintillator
$SPEC_REM:
DET# 5
DETDESC# JLAB-9 MCB 135
AP# Maestro Version 7.01
$DATE_MEA:
11/28/2018 14:48:49
$MEAS_TIM:
58 60
$DATA:
0 2047
       0
       0
       0
       0
       0
       0
       0
       0
       0
       0
       0
       0
       0
       0
       0
       0
       0
       0
       0
       0
       0
       0
       0
       0
       0
       0
       0
       0
       0
       0
       0
       0
       0
       0
       0
       0
       0
       0
       0
       0
       0
       0
       0
       0
       0
       0
       0
       0
       0
      25
      33
      20
      31
      20
      30
      26
      24
      30
      22
      22
      33
      27
      24
      27
      32
      29
      42
      27
      29
      21
      24
      32
      34
      36
      38
      29
      32
      24
      28
      31
      38
      22
      29
      40
      42
      32
      22
      31
      35
      36
      33
      28
      30
      25
      41
      33
      25
      26
      38
      28
      35
      36
      31
      34
      37
      41
      32
      28
      30
      34
      34
      24
      40
      39
      29
      34
      37
      26
      30
      38
      35
      31
      38
      43
      33
      39
      24
      36
      49
      31
      42
      34
      36
      39
      31
      35
      44
      29
      32
      41
      36
      35
      35
      52
      39
      37
      35
      36
      37
      34
      22
      28
      37
      43
      30
      37
      34
      37
      33
      45
      31
      42
      37
      43
      36
      39
      40
      45
      40
      44
      36
      35
      39
      37
      41
      35
      43
      36
      48
      41
      43
      34
      47
      47
      40
      29
      50
      46
      49
      36
      57
      50
      35
      39
      45
      45
      45
      50
      43
      55
      50
      52
      43
      48
      49
      44
      50
      50
      59
      53
      52
      52
      51
      62
      47
      53
      55
      52
      51
      61
      56
      57
      70
      56
      54
      82
      56
      55
      50
      63
      65
      57
      55
      56
      51
      59
      57
      70
      54
      52
      48
      67
      58
      49
      44
      50
      49
      50
      55
      61
      43
      52
      54
      50
      57
      56
      59
      69
      51
      66
      56
      58
      62
      49
      49
      54
      42
      50
      45
      57
      55
      50
      48
      48
      57
      50
      44
      49
      55
      42
      46
      54
      59
      42
      33
      46
      47
      59
      54
      49
      64
      45
      70
      55
      44
      46
      51
      67
      53
      57
      47
      46
      57
      57
      60
      47
      46
      56
      58
      49
      52
      52
      48
      61
      43
      63
      57
      54
      49
      53
      51
      65
      59
      50
      54
      55
      48
      56
      57
      51
      58
      60
      66
      67
      67
      54
      60
      70
      62
      52
      42
      47
      43
      53
      59
      65
      66
      51
      58
      60
      59
      57
      58
      55
      55
      41
      60
      46
      64
      38
      60
      55
      58
      48
      56
      49
      50
      65
      59
      53
      63
      66
      53
      51
      46
      50
      38
      51
      43
      53
      49
      43
      53
      44
      57
      51
      60
      62
      50
      53
      47
      52
      53
      57
      55
      52
      55
      72
      50
      56
      70
      66
      53
      49
      47
      57
      47
      43
      58
      56
      58
      52
      52
      52
      62
      53
      52
      48
      57
      54
      43
      54
      53
      54
      60
      52
      55
      60
      58
      63
      56
      58
      50
      50
      57
      59
      62
      44
      41
      61
      52
      60
      58
      40
      46
      45
      55
      53
      53
      53
      57
      66
      51
      47
      62
      56
      37
      48
      54
      37
      51
      53
      48
      59
      50
      56
      48
      57
      59
      53
      55
      65
      62
      57
      56
      58
      44
      45
      73
      64
      50
      46
      52
      48
      40
      49
      58
      62
      47
      59
      69
      66
      52
      59
      63
      53
      60
      57
      49
      60
      65
      63
      50
      53
      56
      55
      62
      53
      63
      49
      60
      55
      63
      58
      68
      65
      59
      63
      64
      62
      54
      58
      79
      53
      60
      60
      61
      68
      53
      66
      66
      48
      57
      54
      50
      71
      56
      64
      49
      66
      46
      46
      63
      70
      49
      50
      65
      60
      52
      53
      57
      70
      63
      47
      46
      55
      66
      47
      65
      65
      61
      54
      49
      52
      53
      58
      57
      45
      66
      52
      62
      62
      54
      53
      65
      50
      54
      72
      49
      50
      50
      65
      44
      50
      50
      51
      51
      63
      54
      61
      42
      60
      38
      54
      43
      54
      61
      54
      59
      60
      48
      58
      46
      48
      49
      37
      36
      44
      58
      46
      55
      72
      39
      57
      39
      54
      53
      56
      50
      42
      48
      44
      40
      44
      48
      51
      50
      56
      50
      49
      47
      50
      52
      43
      33
      40
      46
      52
      48
      57
      63
      53
      57
      48
      51
      46
      44
      48
      48
      44
      45
      41
      45
      50
      37
      39
      48
      43
      42
      46
      37
      53
      52
      39
      44
      51
      38
      48
      44
      53
      33
      53
      41
      42
      42
      49
      55
      45
      47
      34
      42
      43
      39
      37
      40
      47
      38
      44
      43
      41
      51
      44
      49
      39
      36
      40
      39
      42
      45
      45
      38
      48
      43
      39
      40
      56
      53
      41
      39
      39
      30
      35
      42
      43
      45
      47
      43
      55
      39
      44
      37
      50
      43
      38
      36
      46
      32
      34
      38
      32
      41
      43
      38
      48
      40
      41
      37
      43
      41
      46
      33
      37
      50
      47
      48
      44
      42
      35
      52
      37
      43
      52
      44
      48
      48
      41
      45
      32
      42
      50
      40
      44
      25
      41
      38
      38
      46
      46
      34
      33
      40
      48
      46
      33
      42
      39
      43
      37
      42
      36
      44
      35
      46
      42
      31
      40
      43
      41
      39
      43
      42
      43
      30
      47
      43
      49
      38
      36
      40
      40
      29
      43
      39
      46
      43
      34
      44
      54
      25
      47
      32
      32
      43
      49
      52
      49
      35
      51
      36
      45
      35
      29
      41
      50
      50
      30
      27
      41
      45
      44
      36
      29
      41
      48
      34
      38
      38
      46
      40
      40
      31
      48
      31
      39
      43
      48
      41
      44
      35
      39
      39
      38
      48
      38
      37
      32
      38
      34
      34
      39
      52
      46
      37
      38
      33
      35
      47
      34
      32
      35
      34
      38
      47
      39
      43
      43
      35
      37
      47
      34
      43
      35
      31
      31
      38
      44
      47
      37
      39
      42
      47
      37
      37
      36
      55
      28
      42
      37
      39
      31
      34
      30
      39
      42
      36
      45
      35
      37
      34
      28
      47
      34
      45
      34
      38
      43
      40
      33
      33
      35
      39
      39
      44
      40
      27
      43
      42
      41
      41
      34
      35
      39
      35
      34
      33
      38
      40
      43
      42
      39
      46
      47
      26
      37
      31
      31
      39
      39
      39
      40
      43
      39
      35
      41
      39
      35
      45
      32
      33
      27
      34
      41
      40
      42
      34
      39
      29
      22
      45
      44
      35
      26
      53
      44
      43
      45
      29
      40
      28
      42
      41
      40
      26
      36
      37
      43
      40
      28
      32
      32
      38
      48
      32
      39
      35
      44
      32
      44
      42
      37
      40
      32
      43
      38
      39
      20
      37
      38
      42
      39
      33
      33
      36
      38
      38
      42
      41
      35
      33
      29
      48
      34
      43
      30
      42
      31
      32
      28
      38
      41
      40
      47
      37
      39
      40
      42
      35
      37
      35
      35
      51
      48
      43
      35
      49
      40
      43
      46
      42
      47
      50
      46
      42
      38
      39
      38
      43
      36
      35
      45
      40
      34
      35
      50
      37
      43
      27
      38
      40
      27
      41
      42
      38
      40
      40
      41
      44
      41
      37
      32
      41
      26
      54
      40
      41
      47
      48
      46
      38
      33
      44
      47
      32
      42
      41
      38
      46
      32
      56
      27
      47
      38
      40
      37
      44
      41
      32
      39
      40
      41
      34
      37
      37
      40
      42
      40
      31
      33
      56
      49
      41
      35
      44
      47
      44
      43
      38
      35
      45
      37
      45
      38
      32
      30
      43
      35
      34
      48
      46
      49
      54
      27
      30
      46
      36
      47
      43
      38
      42
      37
      38
      37
      39
      39
      35
      47
      39
      38
      39
      40
      29
      33
      44
      37
      38
      51
      40
      24
      42
      39
      35
      30
      40
      32
      34
      26
      34
      35
      28
      32
      35
      23
      28
      37
      39
      41
      33
      31
      23
      26
      26
      32
      31
      32
      31
      38
      34
      31
      41
      24
      29
      29
      24
      33
      25
      23
      27
      27
      35
      21
      21
      25
      21
      15
      23
      20
      36
      23
      27
      26
      23
      24
      24
      21
      19
      32
      25
      20
      13
      21
      19
      23
      29
      31
      16
      26
      24
      27
      19
      23
      20
      24
      25
      18
      27
      20
      28
      16
      18
      26
      28
      22
      23
      17
      24
      17
      21
      31
      28
      16
      19
      23
      27
      19
      23
      17
      20
      17
      18
      16
      15
      23
       9
      20
      18
      23
      15
      14
      13
      19
      17
      13
      19
      14
      13
       9
      15
      11
      18
      11
      19
      15
      16
      16
      18
      13
      10
      19
      15
      10
      13
      14
      16
      13
      16
      14
      12
      15
      19
      14
       9
       9
      18
      12
      16
      14
      19
      26
       8
      10
      13
      22
      15
      17
      13
      18
      19
      11
      14
       8
      15
      15
      11
      11
      13
      13
      13
      23
      17
      13
      12
      16
      12
      15
      14
      13
      16
      17
       6
      16
      15
       9
      11
      14
      14
       7
      11
      12
      15
       9
      12
      10
      10
      13
      17
      14
      13
      10
      12
      20
      15
      12
      13
      11
      13
      14
      10
      18
      13
      14
      11
      14
      14
      12
       8
      11
      14
      13
       8
      10
      10
       7
       8
      11
      14
      13
      23
       9
      12
      14
       7
      20
       5
      13
       6
      10
      10
      16
      12
      16
      10
      18
       8
       8
      12
       9
       6
       9
      16
      15
       7
      15
       7
      16
      11
      11
      16
      10
      17
      12
      11
      15
       6
      10
       5
       8
       8
      12
      11
      13
      12
      17
      10
      15
      17
      18
      13
      13
      14
       6
       6
       5
      12
      10
      15
      10
       4
      23
      13
      14
      14
      13
      17
      16
      17
      11
      15
       7
      12
       8
      12
      12
       8
      16
       6
      10
       9
       8
      10
      17
      10
       8
      15
       9
      13
      18
      13
      14
      11
      14
      16
      11
      14
      16
      15
      17
      17
       5
       7
      13
      10
      15
      15
       6
      15
      18
      10
      12
       9
       9
      14
      14
       9
      13
      14
      11
      17
      15
      15
      22
      13
      10
      13
       9
      13
       8
       7
      18
      11
      10
      18
      12
      11
      16
      14
      13
      17
      14
      13
      13
      19
      10
      20
      13
       9
      14
      14
      17
      14
      14
      22
      16
      14
      21
      17
      17
      14
      19
      13
      19
      21
      17
      20
      22
      21
      21
      23
      17
      21
      21
      14
      24
      23
      26
      27
      25
      29
      34
      30
      17
      23
      27
      29
      30
      35
      28
      34
      27
      27
      38
      30
      33
      39
      31
      36
      33
      38
      30
      45
      23
      48
      44
      32
      50
      38
      41
      34
      59
      41
      61
      59
      49
      45
      46
      55
      58
      53
      59
      64
      60
      70
      76
      57
      55
      79
      65
      77
      66
      75
      77
      95
      70
      93
     100
      74
      80
      79
      95
     116
     118
     115
     108
     113
      97
     104
     111
     112
     138
     123
     124
     124
     135
     141
     117
     128
     126
     124
     153
     144
     156
     160
     153
     140
     164
     134
     173
     150
     146
     173
     157
     178
     145
     174
     175
     154
     163
     165
     180
     162
     191
     169
     185
     204
     217
     193
     164
     205
     190
     205
     195
     187
     193
     186
     204
     199
     226
     212
     213
     193
     196
     230
     207
     192
     221
     226
     211
     230
     205
     224
     203
     208
     212
     198
     207
     208
     217
     201
     204
     212
     196
     220
     180
     177
     187
     186
     209
     230
     179
     201
     193
     166
     192
     197
     184
     179
     171
     165
     175
     175
     153
     171
     169
     137
     167
     186
     156
     146
     175
     129
     142
     124
     141
     120
     123
     120
     124
     127
     130
     121
     132
     105
     113
     127
     104
     113
      92
     109
     109
     101
      97
      86
      82
      83
      83
      75
      80
      82
      63
      68
      66
      53
      63
      66
      76
      60
      61
      51
      57
      55
      49
      43
      28
      40
      37
      43
      39
      36
      33
      34
      36
      38
      28
      33
      32
      34
      27
      27
      17
      28
      19
      26
      24
      20
      16
      16
      10
      13
      18
      15
      15
      12
      16
       8
      11
      11
      15
      12
      10
      16
      10
      14
       4
      16
       6
       3
       8
       1
       5
       5
       4
       6
       6
       7
       4
       7
       5
       6
       2
       3
       5
       6
       4
       1
       4
       3
       1
       0
       4
       2
       6
       6
       3
       1
       2
       3
       1
       2
       3
       3
       4
       4
       3
       2
       2
       1
       3
       2
       4
       3
       2
       3
       0
       1
       0
       0
       0
       2
       2
       3
       1
       0
       3
       2
       0
       1
       0
       1
       3
       1
       2
       2
       1
       0
       1
       0
       3
       0
       2
       4
       2
       0
       3
       1
       2
       4
       3
       2
       1
       1
       1
       1
       2
       2
       1
       1
       1
       0
       1
       0
       3
       1
       0
       1
       2
       1
       0
       0
       0
       0
       3
       0
       0
       0
       0
       0
       1
       1
       3
       3
       1
       2
       2
       0
       0
       0
       4
       1
       1
       2
       2
       0
       0
       2
       0
       2
       1
       2
       0
       1
       2
       0
       2
       0
       0
       0
       0
       0
       2
       1
       0
       1
       3
       1
       1
       0
       3
       1
       2
       3
       2
       2
       2
       0
       1
       0
       1
       1
       1
       0
       1
       4
       1
       2
       0
       0
       3
       3
       1
       0
       1
       2
       0
       1
       0
       0
       0
       0
       0
       0
       0
       0
       0
       0
       0
       0
       0
       0
       0
       0
       0
       0
       0
       0
       0
       0
       0
       0
       0
       0
       0
       0
       0
       0
       0
       0
       0
       0
       0
$ROI:
1
780 965
$PRESETS:
Real Time
60
0
$ENER_FIT:
0.000000 0.630393
$MCA_CAL:
3
0.000000E+000 6.303934E-001 0.000000E+000 keV
$SHAPE_CAL:
3
3.727226E+001 0.000000E+000 0.000000E+000
