$SPEC_ID:
Moving Scintillator
$SPEC_REM:
DET# 5
DETDESC# JLAB-9 MCB 135
AP# Maestro Version 7.01
$DATE_MEA:
11/28/2018 14:56:56
$MEAS_TIM:
59 60
$DATA:
0 2047
       0
       0
       0
       0
       0
       0
       0
       0
       0
       0
       0
       0
       0
       0
       0
       0
       0
       0
       0
       0
       0
       0
       0
       0
       0
       0
       0
       0
       0
       0
       0
       0
       0
       0
       0
       0
       0
       0
       0
       0
       0
       0
       0
       0
       0
       0
       0
       0
       0
      21
      23
      31
      20
      17
      23
      32
      28
      28
      18
      21
      25
      22
      26
      35
      22
      25
      22
      18
      24
      27
      26
      25
      36
      21
      23
      18
      29
      16
      24
      26
      26
      28
      22
      23
      22
      26
      22
      27
      24
      25
      29
      35
      28
      24
      24
      34
      26
      24
      23
      20
      34
      27
      25
      33
      21
      27
      29
      26
      32
      28
      26
      14
      17
      26
      33
      30
      31
      26
      37
      28
      22
      34
      35
      32
      21
      30
      37
      28
      41
      25
      29
      37
      33
      31
      33
      29
      34
      38
      22
      30
      27
      32
      30
      30
      36
      33
      29
      34
      32
      25
      32
      32
      32
      32
      30
      34
      37
      36
      30
      33
      36
      44
      27
      24
      28
      37
      45
      36
      36
      35
      29
      33
      27
      38
      44
      44
      37
      33
      43
      29
      40
      27
      37
      26
      34
      30
      34
      32
      42
      45
      45
      38
      33
      52
      44
      48
      53
      31
      37
      30
      46
      39
      35
      47
      34
      31
      30
      40
      55
      42
      42
      45
      50
      45
      35
      48
      45
      48
      39
      54
      48
      54
      56
      46
      47
      46
      50
      53
      56
      56
      48
      58
      48
      43
      53
      64
      37
      55
      61
      50
      45
      45
      47
      45
      52
      65
      50
      49
      44
      58
      52
      54
      45
      42
      51
      59
      42
      47
      55
      46
      44
      54
      47
      45
      49
      44
      54
      56
      45
      48
      53
      45
      41
      50
      46
      48
      45
      47
      50
      37
      36
      41
      46
      51
      50
      49
      56
      42
      50
      47
      45
      51
      41
      50
      47
      51
      38
      41
      40
      51
      38
      50
      47
      59
      55
      41
      45
      53
      51
      51
      66
      47
      43
      43
      41
      57
      42
      53
      53
      60
      52
      44
      43
      50
      47
      49
      44
      53
      42
      39
      61
      36
      39
      45
      45
      53
      45
      39
      55
      56
      44
      49
      41
      59
      56
      49
      51
      41
      53
      37
      54
      50
      45
      60
      54
      47
      54
      55
      47
      50
      45
      45
      41
      53
      44
      51
      46
      52
      51
      58
      43
      37
      61
      52
      62
      41
      46
      55
      53
      34
      44
      46
      56
      41
      56
      46
      47
      34
      44
      36
      41
      42
      32
      56
      45
      51
      59
      44
      51
      53
      42
      46
      35
      52
      47
      57
      35
      50
      49
      55
      44
      51
      44
      61
      48
      42
      52
      45
      39
      66
      49
      42
      47
      40
      56
      44
      50
      37
      47
      56
      44
      46
      47
      43
      45
      46
      42
      42
      54
      46
      42
      48
      47
      55
      53
      50
      49
      50
      46
      44
      44
      43
      43
      54
      50
      42
      45
      51
      62
      59
      56
      56
      43
      43
      48
      58
      43
      40
      43
      58
      38
      48
      47
      47
      45
      53
      62
      50
      43
      52
      45
      55
      50
      55
      44
      49
      52
      48
      61
      36
      58
      47
      56
      69
      52
      49
      53
      45
      43
      53
      61
      60
      48
      65
      53
      42
      51
      51
      54
      65
      46
      52
      54
      53
      53
      49
      74
      48
      51
      50
      49
      46
      61
      49
      52
      53
      52
      57
      49
      61
      46
      64
      48
      56
      53
      49
      52
      45
      46
      54
      50
      49
      60
      54
      37
      37
      53
      43
      54
      32
      42
      60
      51
      49
      46
      47
      41
      44
      43
      51
      48
      48
      54
      50
      58
      35
      62
      48
      41
      53
      55
      45
      34
      47
      50
      44
      44
      41
      47
      53
      64
      50
      41
      46
      42
      45
      40
      46
      34
      48
      43
      55
      45
      39
      59
      46
      39
      42
      45
      37
      41
      44
      52
      46
      46
      42
      31
      42
      49
      49
      45
      46
      30
      50
      49
      32
      43
      45
      34
      49
      36
      43
      47
      46
      50
      56
      36
      36
      49
      47
      36
      46
      48
      52
      38
      46
      55
      54
      38
      45
      41
      49
      47
      42
      52
      40
      39
      44
      37
      30
      40
      38
      40
      43
      32
      49
      41
      39
      35
      33
      36
      36
      46
      36
      34
      42
      29
      44
      39
      49
      34
      34
      32
      51
      40
      44
      43
      40
      44
      44
      44
      37
      44
      35
      31
      43
      44
      31
      41
      35
      39
      35
      33
      38
      28
      42
      43
      53
      30
      49
      33
      21
      41
      38
      37
      28
      39
      37
      38
      43
      27
      40
      33
      31
      27
      31
      39
      26
      36
      31
      29
      34
      37
      35
      17
      27
      30
      31
      34
      32
      28
      28
      30
      28
      43
      40
      27
      31
      35
      31
      39
      35
      29
      35
      38
      41
      23
      32
      32
      32
      39
      29
      27
      37
      34
      39
      42
      33
      30
      41
      25
      32
      35
      42
      35
      36
      30
      33
      29
      32
      32
      40
      38
      35
      30
      29
      38
      36
      36
      31
      35
      33
      35
      39
      31
      22
      28
      33
      31
      40
      25
      45
      40
      36
      30
      42
      37
      35
      39
      30
      27
      34
      22
      36
      31
      40
      40
      27
      30
      38
      34
      40
      36
      38
      39
      34
      27
      36
      23
      33
      29
      32
      28
      42
      36
      33
      29
      25
      34
      42
      31
      28
      37
      37
      36
      36
      41
      31
      38
      36
      31
      31
      28
      37
      31
      28
      34
      36
      30
      36
      36
      33
      25
      34
      34
      33
      24
      31
      34
      40
      23
      22
      34
      23
      30
      24
      43
      25
      33
      30
      35
      33
      34
      33
      23
      24
      30
      31
      36
      29
      33
      35
      35
      31
      28
      31
      38
      31
      44
      27
      36
      35
      38
      32
      31
      28
      25
      32
      30
      36
      36
      34
      35
      34
      34
      42
      34
      30
      26
      30
      34
      34
      27
      33
      27
      28
      32
      32
      34
      40
      36
      18
      35
      32
      31
      35
      28
      26
      38
      28
      23
      26
      40
      39
      26
      35
      36
      35
      33
      31
      24
      30
      33
      33
      22
      38
      24
      34
      31
      42
      37
      34
      24
      35
      38
      27
      32
      34
      37
      24
      40
      30
      31
      41
      21
      35
      31
      33
      35
      25
      30
      32
      14
      32
      31
      30
      23
      31
      32
      27
      26
      22
      29
      33
      27
      49
      33
      35
      31
      28
      41
      36
      28
      29
      31
      25
      26
      32
      21
      29
      20
      26
      27
      38
      25
      28
      23
      26
      27
      49
      32
      32
      28
      37
      37
      35
      26
      20
      36
      35
      36
      36
      33
      31
      23
      37
      30
      40
      30
      32
      27
      42
      22
      41
      28
      28
      34
      36
      28
      31
      33
      36
      35
      37
      25
      23
      36
      32
      26
      33
      30
      31
      30
      33
      29
      33
      36
      34
      30
      26
      31
      25
      26
      24
      33
      32
      35
      29
      32
      37
      26
      36
      26
      27
      29
      30
      34
      36
      25
      27
      41
      15
      31
      29
      26
      33
      36
      35
      22
      43
      25
      31
      24
      24
      30
      29
      30
      21
      28
      32
      34
      27
      32
      35
      35
      31
      32
      39
      40
      31
      36
      33
      34
      32
      33
      34
      31
      33
      39
      41
      33
      33
      36
      31
      37
      33
      36
      33
      47
      30
      39
      32
      36
      34
      40
      22
      39
      29
      34
      31
      32
      30
      29
      37
      28
      28
      22
      36
      27
      31
      23
      26
      17
      35
      27
      29
      26
      29
      27
      40
      32
      26
      38
      34
      31
      36
      29
      29
      23
      37
      32
      35
      33
      31
      31
      30
      36
      33
      33
      31
      18
      25
      30
      24
      30
      28
      27
      27
      28
      23
      33
      29
      28
      29
      26
      19
      20
      25
      24
      23
      29
      22
      31
      18
      22
      22
      28
      17
      22
      27
      18
      15
      23
      20
      19
      15
      20
      38
      20
      19
      23
      18
      18
      26
      18
      15
      19
      11
      27
      23
      25
      21
      17
      18
      17
      15
      13
      19
      18
      10
      26
      18
      18
      15
      13
      15
      19
      15
      14
      17
      14
      23
      18
       8
       9
      18
      15
      14
      14
       8
      13
      17
      16
      17
      16
      15
       8
      14
      16
      14
      15
      10
      16
      18
      12
      13
      14
      12
      13
      10
      13
      15
      14
      12
      12
      17
      16
      13
       9
      14
       9
       7
      14
      16
      14
      10
      14
      15
      16
      16
      10
      14
       8
      16
      14
      13
      13
      11
      18
       9
      13
       7
      11
      13
       7
      16
      11
       7
      12
      11
       9
      13
      13
      13
      16
      11
       9
      16
       5
      11
      12
      14
      19
      10
      15
      11
      11
      10
      14
       8
      15
       9
      11
       5
       7
      19
       9
      14
      12
       8
      11
      10
       7
      10
      15
       7
       5
      13
      12
      13
      10
       9
      15
      12
      13
      13
      11
       9
      12
      11
       8
      13
       7
      14
      11
       8
      17
      13
      10
      10
       3
      15
      13
      11
       9
      13
      11
      11
       8
      14
       8
       9
      11
       8
       9
       6
      13
       6
      10
       8
      11
       9
      18
      11
       6
       9
      12
       5
      13
       8
      11
      11
      13
      18
      10
       7
      11
      11
      11
       7
      13
      18
       7
       9
      12
       8
      10
      13
       7
       9
      12
      14
       9
      11
       6
      14
      15
       8
      16
      11
       7
       7
      12
      12
      11
      10
      11
       6
       5
       7
      10
       5
      13
      10
      10
       5
      12
       9
      13
      13
       8
       7
      14
       8
      13
       7
       8
       7
      11
      18
       8
       8
      13
      11
      12
       8
      15
       5
      14
      13
      14
      10
      10
      10
      12
      12
       5
       9
      10
      10
       6
      12
      15
       9
      13
      10
      14
       7
       7
       8
      10
      12
      14
      14
      12
      14
      10
      13
      11
      14
      10
       8
      18
      23
      14
       6
      10
       9
      11
      15
      16
      10
      13
       9
       9
      12
      13
       8
      10
       4
      11
      14
      10
      18
       7
      13
      15
       9
      11
      16
      18
      15
      14
      10
       9
      17
       9
      14
       9
      14
      16
       8
      10
       9
      15
      17
       8
      17
      17
      15
      17
      19
      19
      11
       5
      17
      12
      15
      20
      18
      18
      16
      18
      19
      12
      10
      22
      13
      25
      19
      23
      18
      21
      34
      19
      28
      20
      23
      31
      31
      23
      33
      25
      26
      35
      24
      22
      23
      35
      35
      34
      36
      36
      34
      40
      36
      43
      55
      40
      35
      50
      37
      55
      47
      50
      39
      46
      37
      49
      51
      62
      61
      59
      53
      61
      58
      64
      73
      61
      58
      56
      68
      79
      86
      80
      78
      62
      75
      88
      85
      96
      95
      79
      73
      92
      82
     104
     113
      90
      92
     100
      96
     123
     121
      99
     123
     105
     115
     109
     122
     106
     100
     121
     130
     123
     141
     129
     164
     132
     142
     143
     157
     143
     130
     124
     135
     157
     144
     166
     157
     156
     186
     166
     122
     169
     150
     174
     147
     178
     146
     160
     161
     174
     170
     170
     160
     179
     179
     161
     186
     161
     163
     166
     180
     178
     178
     180
     135
     133
     163
     163
     162
     167
     168
     141
     186
     152
     173
     154
     167
     143
     161
     152
     162
     146
     156
     148
     158
     155
     138
     137
     145
     147
     150
     144
     177
     107
     128
     138
     142
     136
     122
     133
     124
     150
     136
     126
     128
     105
     108
     121
     108
     108
     110
     108
      86
      93
     101
      90
      95
      89
      81
      93
     102
      82
      81
      78
      61
      86
      65
      65
      85
      64
      61
      64
      67
      56
      61
      50
      52
      46
      48
      43
      51
      47
      47
      40
      41
      34
      33
      44
      43
      28
      44
      38
      34
      29
      40
      30
      27
      28
      19
      24
      17
      11
      20
      14
      29
      15
      18
      21
      14
      16
      13
      11
      13
       5
      12
       5
      13
      10
       7
       6
       8
       8
      12
      11
      10
       3
       8
       2
       4
       5
       0
       7
       7
      11
       3
       4
       8
       4
       5
       4
       5
       5
       5
       2
       6
       6
       2
       2
       3
       0
       2
       3
       3
       3
       6
       2
       2
       3
       1
       2
       2
       1
       3
       2
       3
       2
       2
       2
       4
       2
       1
       2
       2
       4
       1
       0
       3
       2
       0
       1
       0
       2
       1
       0
       2
       2
       2
       2
       1
       2
       2
       1
       1
       1
       1
       2
       2
       0
       0
       2
       1
       0
       2
       3
       3
       1
       3
       2
       2
       1
       2
       1
       1
       1
       0
       1
       1
       1
       0
       2
       2
       3
       1
       0
       1
       4
       0
       2
       1
       3
       2
       0
       3
       2
       0
       0
       1
       0
       1
       0
       2
       1
       2
       2
       1
       1
       0
       1
       1
       0
       0
       1
       0
       0
       0
       0
       1
       0
       2
       1
       2
       1
       1
       1
       2
       1
       1
       1
       0
       1
       0
       1
       0
       0
       1
       1
       2
       0
       0
       1
       1
       0
       3
       1
       3
       1
       0
       0
       1
       0
       1
       1
       0
       1
       0
       2
       1
       0
       0
       1
       1
       1
       0
       1
       0
       0
       0
       0
       0
       0
       2
       0
       3
       0
       0
       0
       0
       0
       0
       0
       0
       0
       0
       0
       0
       0
       0
       0
       0
       0
       0
       0
       0
       0
       0
       0
       0
       0
       0
       0
       0
       0
       0
       0
       0
$ROI:
1
780 965
$PRESETS:
Real Time
60
0
$ENER_FIT:
0.000000 0.630393
$MCA_CAL:
3
0.000000E+000 6.303934E-001 0.000000E+000 keV
$SHAPE_CAL:
3
3.727226E+001 0.000000E+000 0.000000E+000
