$SPEC_ID:
Moving Scintillator
$SPEC_REM:
DET# 5
DETDESC# JLAB-9 MCB 135
AP# Maestro Version 7.01
$DATE_MEA:
11/28/2018 15:02:21
$MEAS_TIM:
59 60
$DATA:
0 2047
       0
       0
       0
       0
       0
       0
       0
       0
       0
       0
       0
       0
       0
       0
       0
       0
       0
       0
       0
       0
       0
       0
       0
       0
       0
       0
       0
       0
       0
       0
       0
       0
       0
       0
       0
       0
       0
       0
       0
       0
       0
       0
       0
       0
       0
       0
       0
       0
       0
      14
      21
      18
      11
      20
      24
      28
      20
      26
      24
      13
      23
      13
      15
      17
      18
      16
      24
      20
      26
      28
      18
      20
      24
      22
      19
      19
      20
      24
      19
      19
      10
      28
      21
      24
      24
      22
      20
      23
      16
      24
      24
      25
      18
      25
      19
      21
      23
      31
      37
      22
      18
      27
      19
      25
      23
      18
      22
      21
      28
      23
      25
      30
      25
      23
      22
      22
      24
      15
      31
      29
      32
      29
      32
      20
      30
      29
      15
      29
      28
      20
      21
      28
      29
      36
      23
      26
      26
      23
      26
      23
      28
      32
      31
      26
      29
      24
      31
      29
      25
      19
      32
      24
      34
      21
      18
      18
      35
      32
      28
      28
      21
      33
      25
      26
      23
      18
      29
      34
      23
      25
      30
      32
      33
      22
      25
      33
      35
      34
      36
      41
      34
      27
      24
      31
      24
      34
      46
      33
      28
      30
      23
      32
      30
      42
      23
      27
      37
      26
      27
      40
      33
      35
      38
      27
      43
      33
      44
      53
      44
      43
      57
      38
      39
      39
      41
      36
      41
      41
      46
      55
      41
      47
      58
      48
      40
      49
      41
      38
      44
      38
      43
      40
      38
      34
      49
      53
      51
      43
      39
      33
      39
      42
      44
      55
      37
      40
      33
      36
      45
      37
      50
      39
      46
      42
      45
      56
      52
      48
      39
      29
      53
      45
      35
      49
      56
      57
      44
      39
      39
      27
      35
      41
      47
      42
      57
      37
      41
      42
      37
      37
      35
      39
      36
      47
      42
      47
      52
      45
      41
      47
      42
      36
      44
      39
      34
      35
      56
      50
      28
      53
      52
      41
      53
      48
      48
      50
      50
      51
      33
      52
      54
      53
      33
      35
      46
      59
      41
      48
      34
      45
      74
      41
      42
      48
      50
      48
      44
      43
      45
      48
      57
      50
      49
      43
      39
      47
      48
      46
      58
      44
      47
      50
      55
      46
      48
      41
      44
      56
      60
      48
      40
      40
      40
      52
      41
      43
      45
      37
      35
      51
      50
      40
      46
      52
      34
      37
      37
      44
      48
      48
      53
      40
      47
      40
      52
      36
      42
      52
      46
      48
      54
      54
      40
      40
      39
      54
      38
      42
      43
      39
      59
      45
      54
      49
      45
      44
      37
      43
      34
      53
      48
      47
      38
      37
      58
      28
      43
      32
      52
      46
      42
      48
      45
      27
      45
      43
      47
      48
      39
      47
      32
      53
      34
      58
      43
      42
      39
      45
      37
      52
      38
      33
      39
      38
      39
      43
      44
      39
      42
      38
      31
      34
      44
      44
      40
      39
      43
      52
      52
      41
      51
      47
      39
      46
      53
      49
      37
      38
      47
      35
      42
      34
      35
      45
      42
      36
      33
      41
      44
      35
      35
      44
      38
      38
      35
      38
      38
      37
      43
      52
      46
      33
      38
      44
      45
      44
      45
      33
      42
      49
      42
      47
      42
      40
      38
      40
      57
      47
      46
      38
      47
      34
      40
      39
      52
      36
      46
      40
      31
      47
      48
      39
      47
      41
      44
      52
      46
      51
      41
      55
      32
      44
      50
      49
      39
      47
      43
      55
      45
      53
      38
      44
      40
      38
      38
      40
      42
      33
      39
      51
      56
      52
      45
      41
      46
      46
      34
      38
      35
      49
      44
      25
      51
      41
      39
      51
      49
      44
      38
      49
      47
      52
      50
      29
      49
      45
      44
      34
      41
      37
      41
      46
      37
      35
      39
      38
      27
      41
      48
      37
      34
      25
      42
      43
      43
      43
      34
      53
      33
      34
      38
      30
      28
      35
      41
      36
      33
      49
      48
      48
      34
      41
      33
      32
      37
      39
      37
      37
      26
      31
      42
      39
      33
      40
      35
      31
      44
      46
      36
      35
      31
      36
      36
      28
      38
      36
      39
      33
      39
      29
      42
      34
      45
      35
      30
      38
      42
      35
      39
      26
      32
      40
      32
      33
      42
      33
      31
      40
      27
      44
      37
      38
      31
      38
      33
      39
      35
      35
      38
      36
      26
      36
      42
      36
      26
      33
      36
      41
      30
      40
      29
      27
      36
      30
      40
      38
      35
      22
      35
      32
      29
      36
      40
      23
      29
      21
      45
      27
      31
      32
      22
      40
      35
      37
      30
      28
      34
      30
      31
      35
      31
      35
      24
      32
      23
      37
      36
      33
      25
      29
      28
      26
      36
      22
      39
      30
      26
      26
      23
      31
      27
      36
      42
      37
      31
      39
      25
      30
      35
      32
      41
      27
      33
      28
      32
      38
      34
      27
      41
      29
      29
      23
      39
      16
      37
      32
      38
      36
      25
      35
      28
      25
      26
      23
      30
      35
      42
      34
      23
      28
      47
      24
      32
      31
      35
      23
      27
      31
      33
      21
      30
      29
      34
      31
      33
      27
      26
      29
      29
      33
      33
      35
      28
      32
      30
      35
      30
      34
      28
      32
      30
      29
      31
      33
      17
      34
      27
      27
      34
      28
      32
      39
      36
      20
      27
      34
      36
      24
      27
      25
      32
      28
      28
      23
      29
      24
      31
      23
      29
      29
      30
      23
      24
      22
      40
      36
      29
      30
      29
      25
      29
      32
      26
      31
      25
      30
      34
      23
      27
      24
      25
      23
      30
      21
      44
      29
      28
      27
      32
      31
      29
      30
      35
      26
      26
      23
      22
      28
      30
      22
      26
      23
      24
      26
      35
      33
      23
      36
      32
      30
      26
      27
      32
      29
      20
      22
      25
      19
      25
      22
      21
      28
      27
      16
      27
      25
      30
      30
      21
      30
      40
      22
      35
      27
      25
      31
      20
      21
      25
      26
      23
      34
      32
      30
      26
      34
      28
      44
      25
      23
      29
      27
      29
      20
      22
      25
      34
      26
      32
      22
      27
      21
      28
      28
      21
      30
      24
      30
      34
      23
      27
      28
      22
      21
      29
      28
      28
      23
      30
      36
      24
      28
      35
      26
      31
      23
      29
      20
      25
      30
      24
      22
      22
      25
      25
      23
      31
      32
      26
      27
      32
      21
      34
      26
      24
      23
      26
      32
      23
      28
      31
      15
      29
      35
      19
      24
      29
      21
      27
      21
      32
      27
      22
      35
      22
      20
      22
      26
      36
      30
      22
      21
      22
      29
      24
      36
      31
      32
      37
      27
      25
      35
      23
      33
      17
      24
      28
      26
      27
      33
      22
      34
      36
      26
      22
      17
      21
      29
      27
      16
      24
      22
      24
      28
      30
      25
      23
      29
      32
      27
      29
      34
      29
      30
      22
      32
      30
      29
      26
      19
      23
      18
      25
      22
      32
      32
      32
      31
      29
      24
      27
      28
      23
      22
      38
      30
      28
      30
      25
      27
      28
      21
      27
      26
      26
      30
      28
      23
      27
      20
      22
      24
      17
      37
      31
      34
      34
      26
      23
      25
      29
      24
      27
      22
      29
      29
      20
      17
      23
      16
      27
      28
      23
      32
      23
      28
      26
      27
      19
      22
      21
      25
      25
      28
      21
      26
      25
      37
      28
      34
      32
      21
      26
      29
      22
      25
      22
      25
      36
      38
      24
      26
      19
      28
      24
      23
      25
      33
      21
      30
      16
      22
      34
      23
      22
      41
      32
      19
      28
      24
      23
      25
      28
      25
      27
      32
      30
      27
      20
      26
      28
      31
      30
      24
      30
      17
      20
      28
      29
      24
      18
      23
      27
      22
      30
      19
      22
      23
      23
      20
      30
      20
      17
      23
      24
      20
      21
      22
      25
      24
      20
      16
      22
      17
      25
      17
      27
      15
      20
      18
      21
      17
      16
      24
      13
      20
      18
      19
      21
      12
      17
      25
      21
      15
      20
      12
      23
      21
      18
      14
      16
      14
      18
      22
      25
      20
      17
      22
      22
      17
      17
      20
      14
      19
      17
      16
      20
      19
      15
      16
      16
      17
      14
      15
      17
      11
      12
      15
       7
      18
      11
      16
      10
      13
       8
      14
      14
      18
      11
      11
      19
      18
      23
      11
       6
      17
      11
      11
      20
      15
      12
       7
      17
      13
      13
      12
      11
      10
      13
      15
       8
      12
      12
      10
      12
      17
       8
      19
      16
       6
      23
       4
      13
       8
      13
      11
      13
       6
       7
       7
       6
      11
       5
       8
      11
      13
       9
      10
       8
      12
      13
      14
      13
       5
      13
      13
      12
      13
       5
       5
      10
      11
       8
      11
       8
       8
      10
      15
      16
      16
       5
      11
      11
       6
      15
      14
       5
      11
       8
      12
       9
      13
      15
      10
       5
      12
      13
      10
       3
       9
       6
      12
       7
       5
      10
       7
       6
      12
      11
      12
       4
       9
       9
      12
      10
       7
      10
      15
       8
       5
      12
       8
       8
       9
      10
       7
       6
      11
       7
       5
      15
       9
      11
       6
      12
       6
      13
       9
      12
      13
       9
       9
       5
       6
       9
       6
       4
       9
       6
       9
      12
      11
      11
       4
       8
      13
       8
       8
      11
       3
       3
      12
       3
       8
       8
       8
       5
       6
       9
      18
      11
       9
       6
       5
       7
       5
      13
       2
       7
      12
       3
      13
      13
      12
       3
       9
       6
       8
       4
      11
       6
       9
       6
       7
       9
       8
      11
       5
       8
      13
      11
      11
       4
      10
       7
       8
       5
       7
       7
       4
       9
      13
       8
       8
       3
       5
       9
       8
       6
      12
       7
       3
       6
      15
       7
       6
       6
       8
       7
       8
       7
      11
      11
       9
       8
       9
      11
      12
       5
       6
      13
      11
      13
      11
       9
       9
       6
      10
      10
      10
       9
      15
       7
       9
      16
       7
       7
      14
       7
       2
      11
      16
       8
       8
      11
      10
      11
       8
       5
       3
      10
      12
       3
       6
      11
      10
      13
       6
       5
      11
       4
      11
       7
       8
       4
       6
       5
       9
       7
      12
      10
      18
      12
      11
       7
       7
      10
       9
      10
      11
       7
       7
      14
      16
       9
       8
      11
       5
       5
      11
       6
       9
      17
      14
       7
      10
       9
      15
      15
      14
      20
      11
      13
      16
      14
      10
      15
      13
      16
      18
      14
      10
      14
      14
      21
      13
      17
      18
      17
      26
      16
      24
      17
      21
      17
      17
      25
      22
      20
      23
      15
      15
      24
      24
      23
      19
      26
      23
      34
      24
      23
      29
      33
      33
      28
      21
      41
      22
      30
      41
      42
      33
      35
      24
      38
      35
      47
      41
      44
      54
      43
      45
      52
      49
      59
      50
      42
      55
      61
      49
      60
      54
      72
      47
      59
      70
      66
      64
      54
      63
      64
      79
      67
      77
      75
      87
      77
      77
      83
      86
      73
      87
      88
      83
      75
      91
      96
      90
     107
     105
      77
     101
      89
      89
     108
      91
      83
      98
     107
     113
     112
     122
     126
      94
     112
     117
     124
     132
     118
     103
     127
     118
     125
     124
     126
     130
     134
     140
     137
     123
     146
     128
     105
     121
     114
     143
     150
     132
     123
     133
     137
     149
     123
     135
     156
     137
     121
     127
     142
     124
     139
     126
     116
     132
     143
     127
     110
     135
     112
     163
     125
     121
     124
     143
     140
     127
     137
     135
     107
     109
     122
     142
     106
     106
     100
     115
     123
      99
     110
     101
      88
     115
     108
     106
     107
     102
     100
      95
      89
      85
      89
      90
     105
      77
      75
      73
      71
      68
      69
      68
      70
      69
      61
      70
      64
      65
      54
      66
      55
      55
      63
      57
      47
      49
      48
      48
      42
      57
      47
      35
      43
      51
      32
      26
      48
      32
      32
      41
      31
      32
      34
      27
      42
      26
      18
      31
      30
      23
      23
      19
      26
      20
      13
      20
      13
      18
      10
      17
      13
      15
      15
      12
      13
      10
      10
      11
      10
      10
       8
      13
       7
      11
       5
       5
       3
       8
       4
       8
       3
       8
       3
       9
       3
       2
       4
       4
       5
       3
       1
       6
       4
       4
       3
       4
       4
       2
       3
       3
       3
       1
       4
       1
       1
       3
       4
       2
       3
       1
       0
       2
       3
       0
       1
       1
       1
       1
       2
       2
       1
       1
       3
       0
       4
       0
       0
       2
       2
       1
       1
       3
       2
       1
       2
       1
       0
       1
       3
       4
       1
       1
       1
       0
       0
       2
       3
       0
       1
       0
       1
       1
       1
       3
       2
       1
       0
       0
       1
       3
       2
       1
       3
       1
       1
       4
       0
       4
       1
       1
       1
       0
       0
       0
       1
       3
       0
       0
       1
       0
       1
       1
       1
       0
       1
       0
       1
       1
       2
       0
       1
       4
       1
       2
       1
       0
       3
       1
       0
       2
       0
       2
       0
       0
       4
       1
       3
       0
       1
       1
       1
       0
       1
       1
       0
       2
       0
       0
       0
       0
       0
       1
       2
       0
       0
       1
       1
       2
       2
       0
       1
       0
       1
       0
       5
       3
       0
       0
       3
       1
       0
       0
       3
       0
       1
       1
       2
       1
       3
       1
       1
       1
       1
       0
       0
       0
       2
       1
       0
       1
       2
       2
       0
       2
       0
       1
       0
       0
       0
       0
       0
       0
       0
       0
       0
       0
       0
       0
       0
       0
       0
       0
       0
       0
       0
       0
       0
       0
       0
       0
       0
       0
       0
       0
       0
       0
       0
       0
       0
       0
$ROI:
1
780 965
$PRESETS:
Real Time
60
0
$ENER_FIT:
0.000000 0.630393
$MCA_CAL:
3
0.000000E+000 6.303934E-001 0.000000E+000 keV
$SHAPE_CAL:
3
3.727226E+001 0.000000E+000 0.000000E+000
