$SPEC_ID:
Moving Scintillator
$SPEC_REM:
DET# 5
DETDESC# JLAB-9 MCB 135
AP# Maestro Version 7.01
$DATE_MEA:
11/28/2018 14:53:33
$MEAS_TIM:
59 60
$DATA:
0 2047
       0
       0
       0
       0
       0
       0
       0
       0
       0
       0
       0
       0
       0
       0
       0
       0
       0
       0
       0
       0
       0
       0
       0
       0
       0
       0
       0
       0
       0
       0
       0
       0
       0
       0
       0
       0
       0
       0
       0
       0
       0
       0
       0
       0
       0
       0
       0
       0
       0
      22
      17
      19
      34
      25
      24
      22
      25
      20
      25
      34
      28
      27
      22
      22
      27
      37
      23
      21
      36
      22
      24
      24
      18
      28
      31
      32
      31
      30
      24
      28
      26
      31
      24
      32
      29
      24
      34
      32
      23
      35
      24
      29
      23
      30
      28
      33
      29
      32
      26
      33
      22
      34
      28
      35
      24
      37
      31
      22
      25
      27
      29
      33
      39
      34
      24
      33
      26
      22
      39
      26
      37
      31
      37
      33
      26
      27
      29
      28
      27
      32
      30
      27
      35
      32
      22
      31
      25
      42
      29
      30
      42
      29
      30
      20
      26
      29
      23
      24
      33
      36
      32
      32
      33
      28
      33
      24
      31
      24
      36
      45
      37
      31
      34
      36
      36
      33
      29
      33
      35
      31
      31
      35
      37
      39
      31
      33
      42
      35
      29
      36
      23
      55
      38
      47
      30
      41
      30
      30
      39
      39
      38
      46
      41
      42
      31
      37
      33
      48
      51
      39
      38
      52
      45
      54
      45
      46
      45
      45
      43
      42
      43
      47
      44
      55
      61
      53
      67
      45
      43
      48
      44
      43
      55
      42
      51
      51
      40
      44
      53
      47
      48
      34
      41
      49
      43
      38
      48
      43
      39
      48
      38
      43
      53
      45
      40
      69
      51
      45
      52
      61
      55
      56
      43
      38
      55
      49
      50
      49
      48
      43
      40
      44
      60
      43
      42
      48
      38
      47
      55
      52
      42
      52
      52
      52
      60
      49
      55
      47
      46
      34
      42
      45
      57
      43
      54
      48
      44
      28
      43
      46
      43
      48
      38
      51
      47
      42
      51
      49
      46
      36
      57
      53
      62
      34
      50
      62
      38
      54
      48
      44
      37
      39
      44
      59
      36
      58
      37
      55
      47
      50
      42
      51
      41
      43
      54
      62
      45
      46
      41
      59
      57
      47
      52
      52
      47
      50
      47
      53
      50
      47
      58
      50
      35
      58
      50
      28
      50
      50
      47
      49
      56
      62
      42
      46
      54
      47
      58
      49
      40
      46
      42
      49
      54
      48
      49
      45
      49
      46
      48
      42
      38
      44
      66
      45
      57
      48
      48
      49
      39
      52
      40
      47
      45
      59
      60
      40
      54
      51
      48
      44
      41
      55
      52
      49
      40
      60
      49
      47
      38
      53
      46
      57
      50
      41
      56
      57
      42
      38
      51
      49
      45
      56
      53
      56
      58
      35
      51
      57
      61
      55
      42
      37
      52
      40
      42
      44
      51
      41
      52
      47
      41
      50
      45
      53
      48
      52
      48
      33
      48
      42
      39
      47
      43
      36
      51
      42
      46
      52
      47
      39
      43
      43
      48
      60
      36
      52
      46
      37
      46
      46
      39
      64
      53
      38
      50
      45
      45
      48
      59
      54
      40
      46
      49
      40
      48
      38
      54
      44
      51
      47
      49
      49
      49
      42
      55
      59
      49
      50
      39
      38
      61
      55
      41
      51
      45
      63
      50
      40
      50
      44
      38
      50
      39
      59
      47
      67
      35
      45
      53
      45
      56
      43
      49
      56
      51
      58
      41
      53
      48
      59
      56
      49
      49
      49
      53
      53
      55
      56
      61
      54
      52
      50
      51
      50
      61
      61
      41
      52
      53
      44
      64
      53
      46
      38
      57
      49
      46
      51
      49
      50
      46
      38
      47
      58
      44
      47
      51
      52
      63
      55
      38
      51
      39
      36
      53
      49
      55
      47
      65
      42
      42
      38
      53
      50
      43
      44
      43
      36
      51
      49
      46
      44
      54
      44
      50
      54
      34
      46
      35
      52
      39
      50
      32
      35
      50
      50
      39
      47
      39
      44
      52
      57
      44
      42
      30
      54
      55
      35
      30
      52
      44
      48
      42
      40
      35
      45
      37
      50
      41
      44
      34
      45
      39
      49
      41
      50
      38
      51
      58
      44
      32
      50
      50
      43
      35
      45
      34
      42
      42
      37
      32
      39
      43
      39
      47
      39
      32
      39
      37
      42
      46
      31
      37
      41
      44
      45
      38
      38
      50
      35
      46
      41
      40
      52
      37
      40
      36
      33
      34
      49
      39
      39
      40
      41
      44
      41
      36
      22
      34
      31
      31
      31
      38
      30
      44
      37
      36
      34
      34
      49
      38
      37
      36
      31
      47
      41
      29
      34
      39
      43
      40
      31
      35
      32
      32
      43
      34
      42
      42
      34
      38
      36
      47
      34
      21
      42
      33
      39
      37
      33
      24
      38
      53
      44
      36
      39
      34
      35
      40
      42
      29
      43
      38
      43
      31
      34
      41
      39
      41
      40
      25
      27
      34
      22
      28
      39
      31
      38
      39
      36
      41
      36
      44
      32
      39
      39
      33
      27
      33
      29
      38
      27
      34
      35
      37
      40
      35
      42
      31
      26
      41
      34
      33
      38
      38
      34
      20
      39
      28
      33
      27
      38
      42
      36
      32
      33
      33
      39
      30
      25
      34
      36
      38
      37
      27
      27
      28
      38
      35
      35
      43
      38
      33
      36
      36
      29
      34
      49
      13
      39
      27
      41
      29
      49
      29
      26
      17
      36
      38
      36
      42
      31
      36
      36
      41
      30
      42
      26
      34
      34
      42
      33
      32
      28
      38
      34
      37
      24
      27
      42
      36
      32
      29
      24
      26
      34
      35
      34
      40
      36
      44
      41
      27
      38
      29
      30
      37
      32
      46
      27
      34
      33
      32
      23
      45
      30
      39
      36
      32
      39
      26
      37
      26
      29
      24
      26
      41
      38
      32
      39
      29
      23
      27
      29
      34
      32
      36
      32
      32
      36
      34
      26
      31
      34
      35
      45
      24
      24
      32
      28
      27
      30
      28
      23
      36
      33
      35
      35
      38
      26
      27
      32
      24
      24
      41
      29
      35
      30
      36
      26
      29
      28
      42
      23
      28
      33
      35
      34
      26
      34
      36
      30
      32
      33
      31
      41
      30
      35
      26
      32
      31
      30
      30
      39
      34
      28
      35
      43
      25
      28
      29
      31
      27
      34
      23
      29
      25
      24
      33
      34
      25
      19
      31
      33
      25
      27
      31
      34
      32
      39
      40
      34
      27
      41
      23
      34
      26
      34
      29
      36
      32
      29
      36
      31
      29
      22
      34
      32
      33
      41
      31
      32
      36
      27
      38
      31
      23
      33
      29
      30
      21
      41
      37
      23
      34
      27
      28
      19
      24
      28
      24
      30
      32
      39
      46
      27
      26
      41
      25
      27
      26
      31
      34
      31
      31
      32
      30
      30
      31
      31
      25
      33
      28
      33
      25
      27
      33
      25
      38
      26
      33
      33
      32
      30
      33
      22
      27
      27
      30
      33
      39
      35
      38
      31
      28
      36
      30
      31
      24
      38
      31
      26
      32
      25
      34
      35
      33
      44
      31
      39
      29
      38
      24
      36
      27
      34
      26
      37
      40
      44
      39
      26
      24
      22
      31
      32
      32
      27
      30
      30
      30
      33
      23
      39
      24
      25
      33
      37
      33
      22
      36
      25
      37
      23
      28
      37
      40
      30
      28
      29
      36
      38
      32
      38
      33
      32
      29
      30
      23
      32
      43
      22
      38
      31
      37
      23
      41
      29
      28
      34
      31
      33
      38
      40
      29
      26
      30
      30
      38
      31
      28
      31
      25
      31
      43
      33
      29
      21
      29
      32
      26
      28
      25
      26
      28
      31
      30
      23
      30
      21
      29
      20
      29
      28
      28
      34
      31
      22
      26
      26
      27
      29
      22
      26
      33
      26
      31
      29
      28
      44
      27
      19
      21
      30
      31
      25
      33
      29
      16
      23
      26
      31
      28
      31
      27
      29
      21
      26
      29
      21
      18
      17
      23
      31
      14
      28
      28
      26
      23
      25
      13
      22
      22
      18
      26
      16
      17
      22
      28
      23
      23
      20
      21
      14
      23
      15
      17
      21
      16
      20
      23
      24
      20
      13
      19
      11
      24
      25
      14
      15
      16
      12
      13
      19
      16
      20
      19
      17
      19
      16
      12
      18
      20
      14
      14
      20
      17
      17
      15
      17
      13
      18
      16
      17
      18
      24
      16
      14
      14
      15
      24
      10
      12
      16
      15
       6
      11
      13
      15
      14
      14
       6
       5
      13
      16
      18
      13
      14
       6
      10
      16
      14
      18
      12
       8
      16
      10
      14
      20
      11
      19
       8
      11
      10
       9
      11
      12
      12
      11
       8
      11
      11
      12
      15
      12
      16
       9
      12
      12
      11
      12
      14
      12
      10
       5
      14
      16
       8
      13
      11
      14
      10
      15
       9
       5
      12
      14
      12
      12
      10
       9
      13
      12
      13
      13
      17
      10
       6
      10
      13
      14
      15
      12
       8
       8
       8
      10
      11
      12
       8
      12
       5
       5
       5
      17
       9
      13
      10
       7
       7
      16
      13
       9
       8
       9
      10
       7
       8
       9
      10
      10
      15
       7
      12
      10
       8
       8
      14
       9
       9
       9
      17
       8
      16
       8
      11
      12
      13
       6
       7
       7
      11
       7
      11
       5
       9
       9
       7
       9
       4
      11
      15
      13
       7
      11
      14
      13
      13
       8
      10
       8
      10
      11
      13
       9
       7
      10
      11
      10
       9
      12
      10
       7
       7
      11
      11
      12
      10
      14
       7
       4
       8
       8
       8
       9
      10
       9
      12
       9
      12
      10
      16
       8
      12
      10
      14
      12
       5
      10
      11
      14
       9
      16
       8
      12
      11
      10
       7
       8
       5
      12
      14
       9
      12
      11
      16
      15
      12
       8
      23
      10
       8
      16
      11
      16
       8
       7
      12
      13
       8
       7
      13
      11
       9
       9
      17
      11
      18
      12
      11
       6
      11
      14
      13
      11
      12
       8
      13
      14
       5
      10
      10
       8
       8
      11
       7
       7
       9
       6
       3
       9
       5
       5
      13
      12
       8
      11
      11
       7
      17
       4
      11
      17
      10
       9
      12
      15
      11
      12
       9
       5
      13
      10
      18
      10
      12
      10
      13
      15
       9
      17
      22
      18
      14
      12
      15
      11
      13
      13
      12
      14
      22
      19
      23
      13
      17
      19
      17
      12
      18
      17
      22
      17
      20
      21
      22
      24
      35
      24
      22
      24
      20
      24
      17
      18
      24
      21
      33
      30
      27
      31
      27
      31
      25
      25
      25
      25
      33
      38
      36
      32
      27
      28
      30
      35
      32
      46
      52
      31
      48
      40
      41
      46
      43
      45
      63
      51
      65
      69
      63
      57
      70
      68
      71
      67
      71
      63
      74
      66
      68
      68
      70
      78
      75
      69
      81
      84
      74
      91
      73
      83
      86
      85
      96
      98
      84
     100
      99
      97
     105
      95
      94
     100
     111
      85
      96
     131
     100
     124
     109
     125
     114
     121
     129
     133
     109
     140
     133
     133
     134
     137
     135
     130
     125
     157
     138
     160
     148
     141
     148
     177
     143
     141
     154
     163
     168
     171
     146
     145
     161
     164
     164
     161
     168
     156
     172
     187
     176
     164
     166
     169
     191
     172
     180
     198
     163
     195
     149
     175
     195
     183
     147
     170
     183
     156
     171
     151
     159
     168
     160
     146
     166
     152
     156
     157
     155
     160
     170
     143
     145
     135
     153
     131
     156
     158
     140
     141
     121
     128
     127
     150
     150
     129
     130
     125
     137
     121
     124
     113
     110
     118
      85
     112
      98
      87
     102
      98
      94
      95
     100
      96
      88
      96
      70
      70
      75
      87
      76
      77
      85
      71
      71
      72
      76
      68
      61
      69
      59
      52
      51
      56
      49
      67
      57
      51
      49
      54
      41
      31
      62
      30
      26
      37
      33
      32
      20
      32
      18
      26
      21
      25
      19
      20
      17
      20
      15
      29
      22
      10
      20
      14
      13
      15
      17
      15
      14
       9
      13
      13
      11
      10
       5
       9
       7
       9
      12
       6
       6
       8
       3
       5
      10
       7
       9
       3
       4
       2
       3
       5
       9
       8
       2
       3
       1
       7
       6
       1
       5
       0
       2
       5
       1
       1
       4
       0
       3
       4
       6
       2
       2
       0
       4
       0
       2
       1
       0
       4
       1
       2
       1
       4
       1
       5
       1
       4
       1
       1
       1
       3
       2
       3
       3
       0
       0
       0
       1
       3
       1
       0
       1
       1
       2
       0
       2
       1
       4
       1
       2
       0
       3
       2
       1
       3
       2
       1
       3
       2
       2
       0
       0
       1
       1
       0
       0
       1
       1
       0
       1
       2
       4
       1
       1
       0
       1
       2
       1
       3
       1
       3
       1
       1
       1
       2
       1
       2
       1
       1
       1
       2
       3
       0
       1
       1
       2
       0
       1
       1
       2
       1
       1
       0
       0
       2
       1
       2
       0
       1
       2
       0
       1
       0
       3
       2
       0
       0
       2
       2
       1
       1
       0
       1
       0
       1
       1
       0
       1
       2
       1
       2
       1
       0
       0
       4
       0
       2
       2
       0
       2
       1
       0
       0
       1
       1
       0
       2
       0
       2
       1
       2
       1
       0
       2
       1
       1
       0
       1
       1
       0
       1
       0
       2
       2
       1
       1
       1
       0
       0
       0
       0
       0
       0
       0
       0
       0
       0
       0
       0
       0
       0
       0
       0
       0
       0
       0
       0
       0
       0
       0
       0
       0
       0
       0
       0
       0
       0
       0
       0
       0
$ROI:
1
780 965
$PRESETS:
Real Time
60
0
$ENER_FIT:
0.000000 0.630393
$MCA_CAL:
3
0.000000E+000 6.303934E-001 0.000000E+000 keV
$SHAPE_CAL:
3
3.727226E+001 0.000000E+000 0.000000E+000
