$SPEC_ID:
Moving Scintillator
$SPEC_REM:
DET# 5
DETDESC# JLAB-9 MCB 135
AP# Maestro Version 7.01
$DATE_MEA:
11/28/2018 14:55:25
$MEAS_TIM:
59 60
$DATA:
0 2047
       0
       0
       0
       0
       0
       0
       0
       0
       0
       0
       0
       0
       0
       0
       0
       0
       0
       0
       0
       0
       0
       0
       0
       0
       0
       0
       0
       0
       0
       0
       0
       0
       0
       0
       0
       0
       0
       0
       0
       0
       0
       0
       0
       0
       0
       0
       0
       0
       0
      18
      21
      24
      23
      25
      31
      18
      28
      25
      25
      17
      22
      26
      19
      22
      26
      26
      33
      20
      27
      31
      24
      23
      22
      16
      17
      30
      27
      29
      26
      35
      22
      38
      30
      32
      26
      32
      25
      31
      24
      24
      26
      33
      31
      28
      34
      24
      29
      35
      35
      27
      28
      30
      25
      35
      27
      24
      30
      35
      28
      28
      23
      20
      33
      30
      27
      33
      37
      28
      27
      31
      18
      18
      25
      32
      21
      33
      25
      25
      39
      33
      32
      36
      28
      31
      28
      26
      35
      36
      35
      31
      26
      32
      32
      26
      23
      20
      23
      31
      19
      19
      38
      28
      34
      23
      33
      32
      30
      32
      38
      23
      37
      23
      28
      23
      42
      34
      29
      43
      29
      28
      34
      52
      38
      28
      50
      42
      38
      30
      42
      38
      37
      37
      26
      39
      31
      33
      29
      41
      40
      44
      42
      35
      41
      33
      45
      30
      50
      33
      44
      43
      39
      43
      50
      44
      45
      49
      40
      52
      37
      46
      48
      60
      46
      42
      53
      55
      52
      43
      48
      57
      49
      57
      50
      57
      44
      60
      50
      45
      41
      43
      57
      38
      44
      54
      50
      40
      48
      60
      60
      54
      53
      52
      44
      48
      45
      45
      53
      50
      47
      45
      43
      47
      41
      41
      63
      47
      52
      59
      42
      52
      62
      53
      62
      34
      46
      44
      33
      59
      64
      57
      53
      37
      44
      48
      54
      43
      51
      45
      39
      50
      48
      50
      49
      49
      43
      57
      47
      59
      39
      46
      63
      43
      36
      67
      47
      54
      40
      39
      37
      53
      28
      40
      51
      50
      54
      57
      41
      41
      51
      51
      49
      35
      42
      44
      43
      53
      43
      56
      45
      62
      51
      53
      38
      43
      38
      44
      41
      47
      48
      55
      39
      42
      54
      47
      58
      49
      46
      54
      44
      27
      57
      48
      50
      55
      50
      38
      51
      36
      40
      48
      47
      51
      47
      48
      50
      54
      57
      53
      41
      53
      44
      57
      54
      48
      57
      44
      53
      49
      38
      43
      58
      43
      50
      42
      60
      61
      43
      54
      45
      56
      54
      50
      50
      59
      39
      46
      47
      44
      38
      53
      45
      61
      49
      43
      48
      48
      66
      49
      39
      50
      57
      42
      47
      43
      51
      55
      55
      54
      52
      49
      45
      52
      49
      46
      53
      44
      46
      56
      56
      36
      52
      41
      41
      49
      62
      47
      47
      42
      35
      48
      53
      34
      46
      45
      54
      40
      44
      50
      49
      55
      51
      46
      48
      41
      42
      41
      51
      44
      46
      46
      47
      54
      53
      30
      55
      47
      58
      50
      51
      40
      49
      40
      51
      47
      52
      41
      44
      47
      54
      48
      42
      53
      40
      55
      53
      62
      62
      55
      52
      47
      40
      48
      40
      51
      52
      40
      51
      76
      57
      45
      49
      52
      63
      41
      56
      44
      39
      41
      55
      43
      61
      49
      44
      66
      58
      55
      52
      61
      64
      51
      52
      44
      56
      43
      52
      45
      41
      47
      46
      54
      57
      55
      44
      43
      52
      62
      45
      51
      49
      64
      56
      58
      51
      65
      51
      44
      49
      67
      44
      51
      50
      63
      51
      36
      37
      51
      49
      46
      55
      51
      54
      63
      50
      50
      54
      44
      33
      43
      47
      46
      39
      44
      47
      48
      45
      47
      42
      56
      42
      53
      42
      31
      57
      51
      44
      41
      44
      40
      52
      38
      47
      52
      52
      44
      36
      58
      43
      48
      48
      45
      55
      40
      54
      38
      52
      40
      40
      54
      43
      41
      56
      51
      50
      34
      57
      50
      44
      42
      46
      43
      39
      36
      38
      43
      44
      34
      48
      55
      34
      47
      59
      41
      30
      42
      30
      33
      49
      36
      51
      41
      43
      36
      41
      41
      43
      40
      42
      53
      48
      35
      51
      52
      44
      39
      45
      54
      52
      50
      39
      37
      29
      34
      35
      46
      25
      42
      29
      39
      38
      45
      41
      37
      51
      34
      46
      35
      35
      48
      43
      29
      45
      29
      42
      38
      38
      26
      35
      32
      27
      42
      38
      44
      40
      33
      31
      40
      28
      46
      36
      28
      42
      46
      31
      45
      33
      23
      38
      36
      32
      39
      47
      42
      31
      26
      33
      41
      30
      33
      28
      31
      44
      43
      29
      36
      34
      42
      44
      29
      37
      33
      37
      35
      32
      36
      33
      30
      38
      32
      42
      42
      28
      28
      31
      39
      39
      37
      25
      33
      42
      43
      31
      30
      24
      26
      32
      35
      32
      27
      43
      35
      32
      42
      31
      37
      39
      43
      27
      36
      33
      29
      30
      28
      33
      28
      45
      33
      35
      32
      27
      31
      33
      28
      33
      37
      32
      44
      46
      29
      41
      33
      33
      36
      27
      28
      28
      17
      28
      35
      23
      40
      34
      34
      39
      31
      31
      38
      32
      17
      35
      25
      31
      34
      29
      40
      33
      27
      36
      21
      38
      37
      34
      43
      35
      33
      27
      35
      35
      28
      30
      32
      22
      37
      41
      38
      33
      29
      33
      46
      42
      44
      16
      40
      30
      37
      34
      24
      32
      31
      43
      29
      35
      32
      32
      27
      35
      45
      40
      25
      25
      30
      26
      30
      24
      32
      29
      34
      32
      26
      27
      28
      41
      30
      32
      31
      27
      18
      30
      34
      33
      39
      37
      32
      40
      34
      36
      32
      34
      31
      30
      27
      41
      35
      44
      30
      26
      31
      40
      26
      35
      31
      38
      31
      22
      40
      32
      31
      33
      27
      25
      32
      29
      28
      27
      26
      30
      33
      37
      28
      38
      30
      31
      35
      27
      24
      35
      30
      32
      34
      24
      38
      24
      33
      39
      28
      31
      29
      30
      40
      29
      22
      29
      19
      32
      34
      39
      35
      31
      35
      25
      35
      26
      32
      20
      33
      26
      28
      28
      30
      40
      34
      31
      27
      30
      22
      24
      39
      27
      36
      32
      26
      25
      35
      29
      29
      32
      38
      25
      44
      32
      36
      45
      34
      27
      31
      30
      36
      39
      27
      31
      30
      28
      35
      24
      42
      34
      42
      15
      27
      33
      27
      36
      37
      30
      34
      35
      36
      28
      31
      29
      36
      26
      40
      35
      27
      30
      30
      35
      44
      30
      30
      26
      34
      31
      23
      35
      27
      37
      26
      35
      41
      29
      31
      21
      31
      27
      26
      37
      31
      28
      33
      35
      31
      30
      29
      29
      29
      28
      41
      36
      39
      40
      28
      34
      24
      31
      38
      31
      23
      31
      39
      42
      24
      37
      33
      32
      29
      31
      29
      42
      31
      41
      37
      27
      35
      39
      24
      33
      29
      35
      23
      30
      33
      29
      31
      27
      33
      33
      18
      30
      31
      28
      27
      26
      29
      30
      28
      31
      41
      43
      25
      33
      31
      30
      37
      37
      33
      43
      41
      24
      31
      30
      26
      30
      31
      31
      25
      36
      34
      27
      29
      17
      37
      23
      21
      33
      15
      35
      31
      32
      31
      28
      37
      35
      22
      34
      18
      25
      29
      25
      26
      39
      29
      32
      35
      36
      28
      22
      30
      26
      20
      36
      24
      35
      28
      36
      32
      31
      40
      36
      27
      27
      27
      43
      23
      32
      21
      26
      30
      18
      31
      40
      26
      24
      40
      33
      37
      23
      29
      27
      35
      38
      20
      22
      21
      33
      26
      31
      19
      39
      26
      16
      22
      25
      32
      25
      31
      25
      20
      25
      17
      21
      23
      23
      39
      29
      18
      24
      26
      26
      24
      26
      19
      37
      24
      17
      18
      21
      27
      23
      15
      31
      22
      31
      26
      32
      30
      14
      27
      22
      12
      24
      20
      22
      24
      23
      26
      21
      27
      23
      14
      26
      19
      23
      13
      15
      20
      17
      17
      20
      19
      14
      21
      20
      20
      25
      22
      15
      12
      13
      16
      14
      19
      16
      21
      10
      15
      15
      18
      13
      20
      18
      14
      10
      21
      18
      14
      12
      12
      16
      16
      17
      25
      19
      16
      11
      12
      17
      15
      17
      13
      13
      13
      14
      16
      13
      13
      19
      14
       9
      10
      11
      16
      13
      13
       9
      11
      13
      16
      11
      14
      14
      12
      13
      14
      13
       6
       6
      14
      19
      14
      12
      15
      12
      13
      15
      14
      11
      13
      20
      15
      16
       7
      10
      10
      13
      13
      13
       6
      19
      16
       8
      16
      11
      11
      19
      16
       4
      13
      13
       7
       7
      14
      16
      12
       5
      13
      17
      16
       9
      10
      13
       6
       9
      10
      13
      20
      15
      13
      13
       9
      12
       8
      11
       8
      13
       8
       5
      12
      10
       6
      11
       9
      17
      18
       4
       9
       8
      12
      11
       9
       9
       6
      14
      11
      13
      17
      11
       7
      13
      11
       8
       7
      10
      11
       9
      13
       7
       6
      14
      14
      12
      17
       6
       8
      11
       6
      10
       9
       9
      11
      11
       9
      11
      11
      13
       9
       7
       9
       9
       8
      11
      16
       8
      14
      12
       9
       8
      14
      12
       6
      10
      11
      10
      14
       5
       7
      13
      15
      10
      13
       9
       9
      16
      15
       7
       7
       9
      14
       8
       4
      10
       9
      11
       7
      11
      12
       9
      13
      15
       9
      12
       7
       8
       8
       3
      10
      13
       7
      12
       9
      10
       8
      12
      12
      12
      14
      14
      13
       9
       9
      12
      18
      11
      11
      10
       8
       9
      13
       9
       9
       8
       9
       9
       9
      13
      14
      10
       7
      12
      10
       9
       7
      11
       9
      21
      13
      10
       7
       6
      11
      14
       5
      10
      11
       9
      10
      12
      18
       9
      11
      10
       7
      10
       9
       8
      12
       8
      16
      12
      14
      13
      10
      14
      17
       9
      14
      13
      11
      12
      10
       8
      10
      18
      11
      15
      13
      19
      14
      11
      18
      10
      13
      17
      15
       9
      13
      14
      14
      13
      10
      20
       9
      13
      13
      13
      10
      20
      15
      11
      21
      24
      17
      22
      19
      29
      22
      18
      17
      15
      19
      20
      14
      26
      25
      15
      28
      21
      24
      31
      19
      28
      36
      25
      22
      31
      20
      33
      36
      37
      32
      37
      41
      38
      23
      29
      33
      47
      48
      43
      46
      49
      48
      46
      53
      42
      52
      47
      63
      42
      45
      55
      53
      57
      57
      63
      66
      78
      57
      76
      68
      52
      69
      72
      72
      67
      67
      73
      93
      69
      85
      87
      90
      93
      91
     104
      98
     124
     114
      99
     100
     107
      89
     103
     113
     129
      94
     103
     105
     119
     129
     110
     117
     138
     127
     121
     119
     127
     122
     138
     117
     127
     142
     137
     157
     137
     132
     145
     147
     154
     189
     170
     149
     170
     181
     146
     180
     152
     165
     161
     162
     163
     190
     144
     156
     157
     194
     192
     162
     181
     135
     155
     171
     176
     168
     172
     171
     173
     178
     163
     164
     157
     165
     175
     163
     156
     167
     160
     140
     146
     164
     177
     156
     172
     167
     157
     164
     148
     157
     157
     164
     152
     171
     150
     152
     128
     145
     145
     124
     146
     118
     116
     119
     108
     124
     113
     131
     138
     122
     123
     123
     115
     112
      89
     100
     101
      99
     115
      94
      99
      84
      92
      64
      78
      81
      72
      68
      83
      77
      76
      62
      71
      63
      78
      59
      62
      52
      54
      74
      57
      49
      55
      46
      46
      44
      49
      32
      34
      39
      51
      39
      43
      37
      24
      26
      28
      32
      32
      26
      28
      28
      29
      27
      25
      21
      19
      30
      20
      22
      23
      15
      22
      23
      17
      18
      20
       9
       8
      13
       9
      11
       4
      11
       8
       7
      10
      11
      10
       5
       3
       9
       4
       5
       9
       8
       4
       6
       5
       3
       2
       5
       3
       3
       3
       4
       6
       2
       3
       4
       3
       8
       1
       1
       3
       2
       4
       2
       2
       4
       0
       0
       1
       3
       5
       1
       2
       0
       5
       1
       2
       1
       1
       1
       2
       0
       0
       0
       1
       0
       3
       1
       4
       2
       1
       0
       2
       1
       3
       1
       3
       2
       2
       1
       4
       2
       3
       0
       2
       1
       3
       0
       1
       1
       3
       1
       1
       0
       1
       0
       1
       2
       0
       1
       1
       4
       1
       1
       3
       2
       0
       1
       1
       2
       1
       4
       0
       2
       1
       0
       1
       0
       0
       0
       1
       2
       0
       2
       3
       1
       1
       2
       0
       2
       2
       3
       1
       1
       3
       1
       1
       2
       1
       2
       2
       1
       1
       0
       1
       0
       1
       1
       0
       2
       1
       2
       1
       1
       4
       1
       2
       1
       0
       0
       2
       1
       0
       2
       1
       0
       0
       2
       2
       2
       1
       1
       0
       1
       0
       1
       1
       0
       2
       4
       1
       0
       1
       0
       2
       2
       0
       2
       2
       0
       1
       3
       2
       1
       2
       2
       1
       0
       2
       0
       3
       0
       0
       0
       0
       0
       0
       0
       0
       0
       0
       0
       0
       0
       0
       0
       0
       0
       0
       0
       0
       0
       0
       0
       0
       0
       0
       0
       0
       0
       0
       0
       0
       0
       0
       0
$ROI:
1
780 965
$PRESETS:
Real Time
60
0
$ENER_FIT:
0.000000 0.630393
$MCA_CAL:
3
0.000000E+000 6.303934E-001 0.000000E+000 keV
$SHAPE_CAL:
3
3.727226E+001 0.000000E+000 0.000000E+000
