$SPEC_ID:
Moving Scintillator
$SPEC_REM:
DET# 5
DETDESC# JLAB-9 MCB 135
AP# Maestro Version 7.01
$DATE_MEA:
11/28/2018 14:58:49
$MEAS_TIM:
59 60
$DATA:
0 2047
       0
       0
       0
       0
       0
       0
       0
       0
       0
       0
       0
       0
       0
       0
       0
       0
       0
       0
       0
       0
       0
       0
       0
       0
       0
       0
       0
       0
       0
       0
       0
       0
       0
       0
       0
       0
       0
       0
       0
       0
       0
       0
       0
       0
       0
       0
       0
       0
       0
      13
      16
      15
      25
      21
      14
      25
      14
      20
      16
      27
      23
      19
      25
      21
      22
      24
      31
      27
      15
      18
      20
      24
      25
      21
      28
      22
      22
      27
      28
      27
      22
      18
      17
      22
      20
      20
      26
      16
      24
      20
      27
      24
      31
      22
      19
      28
      29
      25
      16
      22
      28
      25
      17
      26
      22
      27
      28
      24
      28
      37
      20
      18
      19
      25
      23
      31
      28
      17
      24
      35
      31
      28
      28
      24
      26
      16
      32
      26
      34
      23
      22
      31
      19
      29
      25
      40
      29
      30
      29
      19
      21
      21
      21
      27
      25
      28
      22
      18
      34
      29
      27
      24
      21
      22
      32
      28
      22
      28
      38
      23
      36
      27
      24
      25
      40
      29
      26
      25
      35
      28
      29
      29
      35
      22
      32
      30
      31
      34
      32
      21
      42
      34
      37
      27
      44
      27
      25
      47
      39
      31
      37
      32
      31
      24
      36
      36
      38
      38
      30
      41
      31
      36
      37
      43
      35
      38
      46
      47
      32
      41
      49
      46
      38
      49
      41
      42
      31
      46
      54
      60
      39
      54
      49
      45
      51
      50
      46
      50
      46
      51
      49
      42
      48
      51
      55
      52
      47
      51
      38
      32
      45
      50
      33
      35
      43
      34
      41
      52
      55
      43
      39
      50
      45
      41
      45
      36
      39
      30
      45
      43
      52
      41
      49
      40
      41
      35
      36
      47
      52
      45
      46
      53
      45
      40
      32
      42
      35
      39
      48
      34
      55
      30
      48
      38
      41
      44
      35
      39
      39
      39
      43
      44
      42
      46
      42
      26
      58
      53
      39
      40
      51
      47
      58
      35
      43
      39
      32
      57
      32
      40
      57
      38
      49
      57
      32
      49
      46
      55
      38
      61
      42
      49
      43
      41
      47
      33
      69
      39
      48
      54
      49
      53
      42
      42
      59
      31
      46
      50
      49
      44
      40
      49
      43
      48
      40
      42
      39
      47
      45
      40
      52
      44
      34
      44
      46
      50
      57
      51
      38
      51
      49
      43
      46
      52
      49
      55
      45
      37
      49
      53
      44
      41
      42
      44
      48
      38
      48
      41
      39
      43
      45
      46
      45
      48
      48
      43
      44
      38
      35
      42
      34
      49
      46
      40
      37
      44
      38
      34
      43
      47
      50
      32
      38
      51
      44
      37
      44
      46
      36
      42
      47
      36
      34
      45
      32
      38
      43
      36
      46
      52
      34
      49
      42
      49
      40
      42
      41
      43
      43
      51
      45
      56
      35
      44
      49
      41
      45
      36
      50
      32
      47
      30
      52
      51
      44
      39
      39
      43
      45
      44
      40
      36
      48
      35
      44
      43
      46
      38
      40
      44
      39
      40
      39
      41
      35
      46
      44
      44
      53
      51
      44
      30
      40
      51
      41
      43
      43
      41
      40
      36
      52
      42
      51
      41
      50
      39
      36
      37
      48
      50
      48
      48
      40
      37
      39
      62
      43
      46
      50
      46
      41
      53
      50
      45
      40
      44
      59
      50
      44
      49
      44
      41
      51
      39
      48
      50
      35
      50
      43
      46
      42
      40
      52
      38
      43
      49
      51
      55
      50
      48
      50
      41
      38
      50
      59
      48
      38
      46
      40
      44
      47
      43
      52
      39
      41
      41
      50
      40
      36
      55
      44
      35
      41
      42
      51
      52
      38
      42
      43
      48
      32
      36
      29
      33
      45
      39
      46
      44
      39
      47
      34
      44
      40
      38
      42
      37
      45
      32
      32
      40
      40
      33
      43
      49
      33
      49
      44
      41
      53
      42
      36
      42
      36
      44
      34
      31
      38
      25
      39
      47
      45
      30
      43
      35
      47
      29
      30
      47
      40
      39
      38
      30
      46
      27
      40
      27
      36
      40
      40
      36
      34
      44
      37
      40
      32
      29
      40
      34
      41
      38
      24
      34
      33
      32
      47
      33
      26
      43
      33
      41
      38
      29
      30
      29
      35
      31
      33
      33
      33
      35
      36
      41
      34
      39
      21
      34
      36
      28
      30
      31
      36
      35
      33
      34
      42
      32
      33
      36
      32
      22
      41
      25
      22
      36
      31
      27
      39
      43
      32
      28
      33
      23
      30
      30
      28
      25
      29
      35
      38
      31
      34
      31
      39
      29
      29
      34
      29
      28
      43
      22
      37
      36
      28
      32
      24
      28
      34
      30
      34
      36
      38
      26
      27
      26
      36
      35
      40
      36
      24
      30
      30
      25
      23
      29
      34
      29
      28
      29
      33
      21
      26
      33
      26
      28
      37
      37
      32
      44
      26
      21
      25
      32
      29
      30
      25
      30
      22
      20
      39
      24
      34
      26
      26
      21
      31
      25
      32
      24
      26
      35
      30
      27
      34
      26
      29
      28
      18
      28
      38
      27
      25
      29
      21
      36
      23
      36
      33
      29
      32
      26
      17
      25
      30
      35
      22
      29
      29
      23
      30
      36
      35
      29
      19
      28
      24
      31
      21
      38
      21
      23
      34
      33
      19
      35
      29
      21
      31
      29
      22
      33
      27
      37
      33
      42
      31
      28
      28
      25
      33
      27
      18
      27
      25
      28
      23
      33
      20
      31
      25
      33
      32
      41
      29
      32
      29
      25
      29
      27
      22
      39
      34
      22
      27
      31
      34
      28
      37
      33
      32
      30
      27
      26
      21
      24
      22
      23
      24
      29
      30
      32
      30
      35
      30
      22
      26
      32
      37
      30
      26
      26
      27
      24
      28
      21
      22
      26
      32
      36
      16
      28
      26
      22
      26
      25
      12
      28
      21
      13
      25
      33
      27
      31
      18
      25
      21
      23
      27
      22
      38
      32
      25
      22
      27
      29
      19
      31
      24
      24
      30
      21
      19
      26
      35
      21
      35
      26
      19
      28
      29
      32
      27
      29
      19
      28
      32
      24
      28
      28
      21
      22
      26
      25
      19
      29
      33
      31
      33
      28
      29
      26
      28
      27
      23
      25
      35
      31
      34
      27
      28
      13
      25
      33
      23
      34
      29
      25
      23
      23
      28
      30
      32
      23
      30
      24
      21
      30
      21
      20
      28
      23
      23
      28
      30
      22
      26
      22
      30
      22
      22
      26
      30
      30
      23
      32
      30
      32
      25
      25
      30
      26
      20
      22
      28
      30
      16
      26
      30
      24
      26
      18
      32
      30
      22
      38
      31
      38
      26
      30
      25
      40
      18
      15
      22
      31
      27
      18
      20
      29
      32
      27
      28
      31
      21
      24
      31
      29
      24
      24
      18
      19
      25
      30
      27
      28
      30
      21
      32
      25
      29
      25
      25
      24
      24
      23
      13
      28
      34
      36
      22
      33
      25
      24
      32
      17
      30
      36
      29
      37
      31
      29
      25
      23
      28
      31
      17
      22
      35
      34
      28
      25
      31
      34
      20
      21
      23
      30
      22
      22
      26
      19
      30
      30
      20
      25
      28
      28
      25
      20
      29
      35
      28
      33
      26
      28
      22
      26
      26
      23
      23
      16
      29
      20
      29
      32
      20
      20
      21
      24
      28
      32
      25
      28
      29
      22
      35
      25
      24
      26
      30
      40
      24
      31
      25
      33
      19
      24
      20
      27
      29
      27
      26
      22
      29
      27
      32
      29
      31
      27
      30
      25
      22
      27
      25
      29
      26
      22
      22
      29
      28
      32
      24
      24
      18
      29
      30
      16
      25
      27
      26
      29
      27
      16
      19
      22
      22
      30
      22
      28
      29
      26
      25
      27
      31
      31
      26
      27
      28
      24
      24
      25
      22
      22
      24
      23
      26
      22
      25
      23
      22
      21
      18
      27
      31
      22
      16
      21
      22
      12
      27
      24
      15
      20
      22
      19
      14
      19
      23
      24
      12
      20
      16
      11
      19
      23
      14
      19
      21
      20
      23
      15
      22
      17
      14
       9
       7
      18
      17
      15
      18
      13
      11
      21
      14
      17
      16
      19
      19
      16
      11
      20
      15
      13
      13
      16
       3
      18
      11
      23
      13
      12
      14
       9
      16
      10
      11
      17
      18
       9
      16
      13
      13
      13
      12
      11
      17
       9
      13
      17
       7
      11
      15
      10
      11
      15
       6
       7
      17
      10
       8
      13
      14
      12
       8
      15
      14
      10
      11
      13
       9
      11
      13
       8
      10
      10
       8
      14
      10
      22
      10
       8
       6
      11
      17
       7
      14
       6
      10
      13
       8
      10
      15
       6
      11
       9
       4
      16
       8
      11
      12
      13
      10
       7
      14
       6
       9
       7
      10
      13
      12
       6
      11
       9
      12
      13
       9
       6
      12
       6
       9
      12
       8
       8
       9
       5
      11
      12
       8
      13
       9
       5
      11
       6
      12
       7
       3
      14
      10
       6
      13
      11
       8
      15
       9
      10
       8
      13
      10
       6
      12
      10
      10
       7
       7
       7
      10
      12
       7
       9
       9
      12
       9
       5
       5
       6
      12
       9
       7
      12
      12
       8
       7
       4
       7
       9
      10
       8
      10
       8
       5
       6
      11
      12
      11
      11
       7
      11
      11
      11
       9
       8
       4
       6
       8
       7
       6
       6
      10
      11
       7
       9
      13
      10
       5
       4
      12
       6
       7
      14
       7
      10
      13
       7
       3
      11
       9
       9
       9
       9
       4
      10
      11
       9
       8
      12
       6
      10
       8
       9
       2
       7
       9
       5
       5
       8
       8
       5
       8
      12
      15
       7
       9
       5
      12
       6
       7
       5
       9
       9
       7
       7
       6
       4
       9
      12
      11
      11
      11
       7
      13
      11
      10
      11
       5
      13
      11
       5
      11
      10
      15
       8
      10
       8
      11
       5
      11
      11
       9
       7
       5
       5
      11
       9
      17
       9
      11
      15
       8
      12
       9
      13
       4
       5
       7
       6
       7
       7
      10
       7
      11
       9
       8
       7
      10
      11
      11
       5
      11
      13
      13
      12
       7
       4
      12
      10
      12
       9
       7
      11
      10
      14
      10
      15
       9
       6
      12
      12
       8
      17
      13
       9
      11
      15
      25
      11
      14
      13
      10
       9
       9
      14
      12
      12
      15
      10
      16
       9
      12
      19
      16
      14
      13
      15
      18
      14
      18
      18
      10
      17
      19
      25
      18
      23
      27
      18
      24
      16
      17
      22
      25
      19
      23
      26
      22
      28
      45
      33
      34
      30
      26
      29
      34
      39
      29
      40
      34
      32
      27
      46
      44
      41
      38
      36
      45
      49
      36
      42
      46
      30
      41
      37
      44
      42
      51
      52
      40
      57
      51
      61
      53
      58
      59
      59
      61
      65
      67
      52
      63
      75
      62
      52
      92
      60
      90
      86
      68
      78
      81
      80
      97
      74
      80
      98
      80
      93
      83
     102
     102
      99
      82
      96
     104
      94
      81
     117
     110
     114
     110
     113
     124
      99
     125
     127
      91
      97
     111
     113
     117
     124
     112
     149
     121
     138
     140
     129
     108
     133
     128
     136
     138
     130
     133
     138
     138
     132
     138
     136
     133
     134
     137
     147
     149
     152
     135
     125
     142
     139
     125
     155
     131
     122
     125
     158
     128
     149
     128
     118
     154
     123
     136
     133
     137
     110
     131
     147
     108
     110
     113
     120
     108
     125
     127
     122
     123
     121
     104
     120
     109
     117
      95
     111
     124
      89
     115
      96
      90
      81
      88
      85
      95
     107
     100
      86
     104
      80
      77
      71
      69
      65
      77
      72
      67
      74
      74
      69
      69
      61
      70
      59
      66
      64
      65
      54
      47
      61
      40
      59
      41
      47
      45
      44
      43
      33
      40
      40
      40
      36
      32
      27
      27
      29
      27
      25
      23
      26
      25
      27
      20
      26
      13
      24
      25
      22
      17
      18
      14
      18
      18
      17
      13
      15
      18
      10
       7
      14
      12
       8
       8
       9
       3
      10
      13
       7
      10
       9
      11
       6
       4
       3
      10
       6
       7
       3
       6
       0
       7
       6
       1
       2
       3
       4
       9
       6
       0
       2
       2
       3
       2
       1
       2
       3
       0
       2
       3
       2
       3
       2
       2
       3
       2
       0
       1
       0
       1
       2
       1
       2
       1
       2
       3
       1
       2
       3
       1
       0
       1
       4
       0
       0
       0
       0
       2
       3
       1
       1
       0
       0
       2
       0
       0
       2
       1
       2
       1
       3
       0
       1
       3
       1
       1
       0
       2
       0
       1
       1
       0
       1
       2
       2
       2
       2
       0
       3
       2
       1
       3
       1
       1
       1
       3
       1
       1
       4
       1
       1
       1
       0
       1
       1
       2
       2
       1
       0
       0
       0
       1
       0
       1
       1
       1
       1
       1
       0
       1
       1
       1
       3
       0
       3
       2
       1
       2
       1
       1
       2
       1
       0
       1
       1
       1
       2
       0
       2
       1
       1
       1
       2
       2
       0
       1
       0
       0
       0
       0
       1
       2
       1
       1
       1
       0
       0
       2
       3
       4
       1
       1
       3
       0
       1
       1
       1
       1
       0
       2
       3
       0
       1
       0
       1
       2
       0
       1
       1
       0
       0
       0
       0
       0
       0
       0
       4
       1
       2
       1
       1
       0
       1
       0
       0
       0
       0
       0
       0
       0
       0
       0
       0
       0
       0
       0
       0
       0
       0
       0
       0
       0
       0
       0
       0
       0
       0
       0
       0
       0
       0
       0
       0
       0
       0
$ROI:
1
780 965
$PRESETS:
Real Time
60
0
$ENER_FIT:
0.000000 0.630393
$MCA_CAL:
3
0.000000E+000 6.303934E-001 0.000000E+000 keV
$SHAPE_CAL:
3
3.727226E+001 0.000000E+000 0.000000E+000
