$SPEC_ID:
Moving Scintillator
$SPEC_REM:
DET# 5
DETDESC# JLAB-9 MCB 135
AP# Maestro Version 7.01
$DATE_MEA:
11/28/2018 14:38:29
$MEAS_TIM:
58 60
$DATA:
0 2047
       0
       0
       0
       0
       0
       0
       0
       0
       0
       0
       0
       0
       0
       0
       0
       0
       0
       0
       0
       0
       0
       0
       0
       0
       0
       0
       0
       0
       0
       0
       0
       0
       0
       0
       0
       0
       0
       0
       0
       0
       0
       0
       0
       0
       0
       0
       0
       0
       0
      31
      31
      33
      33
      23
      29
      32
      38
      31
      47
      30
      24
      37
      38
      43
      51
      36
      32
      30
      38
      31
      37
      34
      34
      45
      40
      44
      41
      39
      39
      40
      34
      32
      40
      28
      35
      41
      37
      37
      28
      35
      26
      33
      34
      32
      45
      44
      33
      46
      45
      35
      45
      42
      34
      44
      45
      37
      36
      40
      39
      34
      33
      34
      33
      44
      42
      40
      47
      39
      31
      44
      32
      40
      44
      41
      45
      39
      36
      46
      40
      35
      30
      43
      55
      38
      33
      43
      44
      31
      43
      45
      38
      25
      36
      33
      41
      36
      42
      34
      46
      30
      37
      55
      43
      47
      48
      52
      30
      46
      42
      47
      43
      51
      50
      44
      46
      41
      53
      40
      39
      41
      42
      42
      53
      56
      34
      42
      42
      35
      48
      44
      49
      47
      49
      51
      37
      44
      49
      44
      42
      60
      51
      53
      54
      47
      47
      55
      57
      49
      51
      56
      51
      55
      54
      57
      53
      51
      69
      55
      56
      57
      53
      52
      68
      63
      67
      64
      55
      71
      70
      58
      65
      66
      65
      81
      59
      63
      63
      77
      73
      65
      66
      69
      63
      53
      51
      66
      67
      44
      55
      65
      72
      56
      51
      51
      56
      61
      49
      54
      77
      48
      79
      55
      64
      52
      54
      68
      60
      59
      62
      53
      51
      61
      47
      81
      65
      52
      64
      57
      62
      52
      55
      50
      48
      75
      55
      51
      63
      57
      52
      55
      46
      56
      69
      64
      48
      50
      73
      62
      57
      56
      68
      67
      64
      57
      71
      60
      48
      58
      64
      60
      53
      50
      51
      50
      59
      57
      65
      66
      58
      63
      67
      70
      65
      56
      65
      69
      59
      64
      67
      50
      50
      70
      60
      59
      56
      60
      58
      53
      58
      56
      76
      60
      51
      54
      63
      64
      57
      60
      65
      60
      66
      61
      51
      63
      57
      65
      56
      57
      65
      58
      54
      59
      78
      74
      65
      71
      70
      75
      59
      54
      63
      64
      77
      71
      61
      56
      52
      60
      55
      78
      66
      66
      48
      57
      69
      59
      75
      70
      74
      52
      52
      51
      46
      72
      45
      66
      66
      59
      65
      46
      61
      73
      58
      71
      60
      43
      55
      60
      43
      69
      80
      63
      61
      61
      57
      62
      64
      67
      56
      68
      66
      66
      60
      51
      63
      71
      71
      62
      60
      56
      48
      56
      59
      54
      63
      64
      60
      65
      69
      55
      48
      56
      45
      52
      56
      49
      69
      47
      68
      75
      61
      55
      62
      64
      71
      68
      62
      59
      52
      66
      57
      70
      50
      60
      59
      64
      62
      63
      63
      60
      50
      72
      60
      61
      56
      51
      59
      57
      61
      68
      50
      61
      56
      56
      45
      66
      52
      61
      54
      51
      64
      60
      60
      60
      45
      67
      62
      67
      49
      60
      46
      68
      72
      68
      66
      64
      51
      67
      51
      71
      59
      73
      61
      70
      71
      59
      60
      61
      72
      75
      65
      62
      77
      58
      60
      69
      59
      64
      66
      64
      76
      85
      75
      64
      66
      67
      64
      55
      76
      71
      56
      71
      54
      64
      67
      84
      77
      70
      82
      83
      65
      74
      72
      48
      76
      73
      78
      67
      64
      77
      71
      74
      72
      89
      70
      66
      77
      68
      69
      70
      70
      86
      60
      79
      62
      75
      68
      63
      81
      67
      77
      72
      62
      65
      71
      65
      61
      65
      69
      75
      59
      68
      70
      70
      79
      67
      56
      59
      67
      67
      60
      63
      64
      53
      69
      70
      68
      64
      71
      68
      49
      66
      56
      62
      56
      61
      57
      62
      51
      76
      52
      55
      68
      66
      63
      61
      49
      53
      65
      72
      62
      57
      52
      59
      61
      73
      48
      55
      66
      46
      40
      58
      48
      54
      50
      81
      51
      53
      49
      46
      62
      54
      62
      57
      54
      60
      57
      63
      56
      58
      57
      60
      55
      61
      48
      58
      59
      64
      58
      53
      56
      55
      56
      54
      65
      53
      52
      52
      56
      49
      64
      44
      56
      59
      55
      63
      55
      55
      50
      65
      46
      50
      65
      46
      51
      59
      56
      52
      62
      42
      56
      54
      55
      53
      42
      50
      60
      50
      54
      60
      50
      56
      53
      53
      58
      60
      48
      64
      45
      44
      55
      40
      39
      49
      44
      61
      48
      54
      47
      54
      44
      51
      66
      46
      53
      46
      41
      60
      49
      39
      48
      53
      49
      55
      58
      43
      55
      49
      64
      60
      40
      53
      47
      51
      58
      35
      64
      44
      43
      45
      53
      47
      46
      45
      39
      53
      39
      51
      51
      36
      55
      43
      62
      47
      47
      42
      48
      55
      48
      64
      52
      58
      47
      50
      58
      48
      46
      43
      42
      52
      47
      51
      47
      45
      34
      45
      49
      47
      49
      53
      46
      42
      51
      50
      52
      57
      41
      35
      46
      50
      58
      59
      43
      46
      55
      42
      51
      47
      36
      48
      51
      41
      40
      52
      45
      61
      41
      47
      46
      46
      56
      58
      59
      49
      42
      52
      40
      39
      45
      47
      53
      46
      35
      51
      50
      33
      41
      41
      47
      45
      49
      37
      64
      54
      63
      54
      43
      48
      41
      47
      46
      53
      66
      45
      46
      41
      53
      49
      36
      29
      42
      55
      52
      41
      53
      32
      42
      46
      45
      62
      29
      47
      57
      46
      48
      47
      40
      49
      48
      46
      43
      47
      53
      43
      51
      50
      48
      50
      52
      53
      39
      54
      47
      53
      42
      44
      41
      39
      43
      42
      57
      45
      62
      52
      56
      49
      52
      48
      41
      39
      48
      52
      47
      50
      42
      43
      51
      53
      56
      47
      52
      48
      46
      55
      41
      45
      51
      42
      44
      40
      51
      39
      40
      34
      46
      47
      36
      50
      40
      35
      42
      37
      50
      45
      37
      36
      43
      41
      40
      48
      49
      45
      45
      42
      52
      54
      31
      38
      47
      44
      68
      53
      49
      44
      49
      47
      45
      44
      53
      42
      38
      47
      54
      44
      53
      33
      42
      52
      35
      44
      46
      44
      48
      39
      35
      44
      53
      42
      47
      33
      50
      43
      44
      41
      61
      50
      47
      45
      45
      40
      40
      42
      55
      57
      48
      39
      51
      47
      65
      54
      37
      42
      55
      39
      41
      44
      52
      51
      45
      32
      51
      49
      42
      44
      45
      53
      42
      31
      47
      49
      50
      48
      57
      48
      41
      51
      51
      40
      50
      44
      37
      50
      48
      60
      55
      38
      62
      39
      50
      44
      48
      49
      60
      42
      53
      51
      35
      47
      45
      48
      57
      49
      48
      51
      48
      60
      45
      42
      48
      48
      52
      40
      54
      55
      39
      46
      50
      52
      44
      63
      34
      54
      48
      53
      42
      42
      41
      43
      44
      47
      48
      42
      46
      43
      44
      50
      47
      54
      59
      36
      43
      38
      55
      46
      39
      44
      40
      41
      41
      56
      45
      57
      59
      43
      40
      45
      50
      44
      48
      42
      36
      48
      44
      49
      48
      52
      40
      41
      44
      45
      48
      46
      47
      44
      50
      38
      55
      57
      49
      60
      44
      43
      57
      47
      46
      60
      42
      46
      54
      24
      32
      50
      51
      61
      44
      46
      42
      52
      40
      43
      50
      51
      35
      44
      39
      43
      46
      47
      30
      51
      35
      45
      36
      44
      38
      37
      44
      51
      37
      49
      44
      48
      27
      43
      45
      37
      54
      50
      59
      51
      53
      40
      40
      42
      41
      53
      41
      38
      41
      39
      42
      51
      44
      45
      40
      40
      45
      39
      40
      38
      49
      43
      43
      38
      47
      39
      45
      44
      37
      50
      41
      34
      29
      37
      43
      40
      35
      35
      37
      35
      41
      29
      38
      37
      43
      28
      38
      38
      27
      29
      28
      30
      37
      33
      34
      32
      37
      34
      26
      27
      29
      42
      28
      32
      31
      31
      35
      34
      33
      32
      23
      30
      32
      31
      27
      25
      25
      37
      26
      24
      24
      32
      22
      23
      29
      27
      17
      32
      25
      26
      25
      22
      22
      35
      26
      19
      20
      21
      26
      23
      23
      19
      19
      24
      26
      30
      18
      22
      21
      24
      26
      16
      26
      11
      21
      28
      28
      24
      33
      21
      15
      21
      22
      20
      23
      23
      23
      17
      28
      18
      19
      22
      24
      20
      12
      31
      17
      22
      25
      28
      15
      14
      20
      13
      19
      19
      17
      15
      14
      13
      14
      11
      14
      21
      21
      15
      23
      26
      26
      11
      17
      19
      17
      14
      13
      17
      18
      17
      18
      18
      22
      25
      15
      14
      24
      12
      17
      24
      17
      14
      10
      22
      16
      20
      19
      12
      14
      17
       8
      10
      15
      15
      10
      17
      22
      21
      14
      10
      10
      22
      22
      14
      10
      15
      17
      17
      12
      17
      20
      15
      18
      16
      12
      11
      12
      13
      22
       9
      19
      15
      18
      16
      13
      10
      12
      12
      19
      20
       7
      27
      18
      14
      14
      13
      17
      20
      10
      14
      12
      16
      16
      17
      13
       8
      18
      16
      19
       8
      22
      15
      16
       8
      20
      20
      12
      14
       8
      18
       6
      23
      16
      15
      25
      13
      15
      15
      17
      12
      12
      16
      13
      11
      22
      20
      18
      16
       7
       9
      17
       7
      13
      10
       9
      11
      20
      14
      15
      10
      13
      19
      11
      11
      13
      13
      12
      14
      13
      16
      11
      17
      13
      17
      17
      10
       9
      10
      12
      14
      17
      14
      15
      10
      17
      17
      12
      14
      13
      10
      16
      20
      20
      11
      16
       7
      17
      19
      16
      10
      18
      14
      12
      15
      11
       9
      17
      18
      12
      10
      21
       7
      17
      15
      13
      15
       9
       9
      21
      10
      12
      16
      16
      15
      12
      19
      23
      14
      18
      18
      21
      11
      10
       9
      16
      16
      19
      16
      16
      18
      19
      16
      12
      16
      23
      15
      16
      19
      16
      14
      15
      15
      15
      14
      17
      25
      18
      14
       9
      25
      17
      16
      21
      11
      18
      15
      14
      23
      17
      21
      16
      14
      26
      19
      18
      23
      22
      15
      21
      20
      16
      19
      30
      24
      12
      18
      26
      27
      19
      21
      27
      22
      28
      22
      22
      32
      22
      23
      31
      20
      35
      26
      33
      29
      32
      25
      44
      23
      36
      31
      33
      41
      31
      41
      31
      29
      34
      35
      38
      41
      37
      40
      49
      42
      34
      58
      45
      43
      49
      50
      60
      52
      53
      51
      59
      58
      66
      58
      65
      70
      67
      67
      64
      68
      66
      90
      66
      60
      77
      77
      85
      86
      77
      82
      76
      78
      89
      86
      73
     110
      98
     101
     116
     103
     114
     109
     120
     126
     136
     129
     105
     135
     117
     131
     137
     124
     104
     131
     150
     151
     158
     145
     139
     173
     135
     171
     176
     169
     156
     150
     182
     180
     169
     163
     191
     184
     200
     173
     199
     161
     173
     202
     195
     210
     219
     201
     222
     206
     205
     192
     217
     206
     220
     207
     253
     213
     234
     234
     217
     236
     251
     249
     244
     245
     234
     231
     233
     254
     231
     255
     227
     253
     267
     259
     264
     265
     269
     250
     243
     269
     236
     237
     229
     230
     235
     268
     247
     255
     228
     219
     231
     247
     247
     231
     250
     235
     205
     207
     220
     223
     224
     253
     201
     184
     196
     245
     219
     200
     227
     220
     179
     208
     223
     214
     197
     177
     157
     176
     188
     158
     150
     165
     154
     165
     173
     159
     151
     137
     124
     142
     149
     160
     143
     133
     123
     138
     138
     134
     139
      96
     121
     111
      92
     121
     108
      92
     105
      95
      96
     100
      87
      88
      84
      94
      78
      86
      77
      61
      66
      68
      58
      67
      60
      69
      50
      53
      52
      65
      57
      50
      37
      45
      44
      43
      47
      40
      39
      33
      36
      35
      31
      28
      28
      28
      26
      31
      19
      22
      24
      23
      27
      15
      10
      15
      14
      10
      17
      12
      16
       8
      17
      10
      15
       7
      13
       7
      10
       6
       3
       7
      11
       6
       3
       8
       5
       6
      10
       5
       6
       8
       6
       8
       3
       3
       7
       8
       4
       3
       2
       6
       3
       2
       1
       3
       1
       2
       3
       3
       2
       0
       3
       5
       1
       0
       2
       1
       0
       2
       4
       4
       1
       3
       2
       6
       4
       1
       1
       6
       2
       0
       2
       2
       1
       2
       2
       4
       0
       0
       1
       1
       2
       2
       1
       3
       2
       1
       3
       1
       2
       3
       3
       0
       0
       1
       0
       3
       3
       0
       0
       1
       2
       1
       0
       1
       1
       2
       1
       0
       2
       0
       2
       2
       2
       1
       0
       1
       0
       2
       0
       0
       0
       4
       3
       2
       2
       1
       3
       2
       0
       2
       0
       1
       4
       0
       1
       1
       4
       2
       1
       2
       3
       1
       2
       2
       1
       1
       0
       2
       0
       0
       0
       0
       0
       0
       0
       0
       0
       0
       0
       0
       0
       0
       0
       0
       0
       0
       0
       0
       0
       0
       0
       0
       0
       0
       0
       0
       0
       0
       0
       0
$ROI:
1
780 965
$PRESETS:
Real Time
60
0
$ENER_FIT:
0.000000 0.630393
$MCA_CAL:
3
0.000000E+000 6.303934E-001 0.000000E+000 keV
$SHAPE_CAL:
3
3.727226E+001 0.000000E+000 0.000000E+000
