$SPEC_ID:
Moving Scintillator
$SPEC_REM:
DET# 5
DETDESC# JLAB-9 MCB 135
AP# Maestro Version 7.01
$DATE_MEA:
11/28/2018 15:00:56
$MEAS_TIM:
59 60
$DATA:
0 2047
       0
       0
       0
       0
       0
       0
       0
       0
       0
       0
       0
       0
       0
       0
       0
       0
       0
       0
       0
       0
       0
       0
       0
       0
       0
       0
       0
       0
       0
       0
       0
       0
       0
       0
       0
       0
       0
       0
       0
       0
       0
       0
       0
       0
       0
       0
       0
       0
       0
      23
      13
      27
      29
      20
      22
      30
      16
      21
      26
      19
      22
      23
      20
      17
      18
      21
      20
      22
      24
      23
      17
      21
      12
      25
      24
      25
      23
      26
      22
      15
      27
      24
      25
      29
      21
      17
      17
      13
      27
      22
      25
      19
      23
      36
      18
      14
      32
      24
      28
      31
      19
      22
      33
      31
      16
      32
      26
      20
      29
      21
      26
      26
      14
      25
      26
      24
      30
      24
      21
      21
      20
      32
      23
      29
      25
      23
      31
      30
      27
      24
      30
      31
      27
      23
      21
      26
      32
      19
      20
      26
      43
      25
      32
      24
      37
      21
      23
      29
      28
      36
      29
      25
      25
      23
      21
      25
      29
      32
      29
      36
      37
      24
      19
      18
      26
      37
      25
      21
      26
      39
      41
      27
      43
      30
      24
      35
      29
      34
      37
      27
      31
      35
      28
      22
      35
      32
      30
      24
      34
      41
      35
      28
      35
      28
      38
      25
      34
      32
      38
      36
      47
      45
      36
      42
      45
      44
      43
      42
      40
      39
      45
      44
      51
      39
      43
      34
      48
      40
      34
      41
      51
      41
      38
      54
      54
      40
      45
      42
      40
      41
      53
      48
      36
      52
      42
      39
      49
      52
      44
      37
      40
      36
      48
      37
      46
      45
      44
      40
      47
      42
      46
      59
      39
      37
      42
      36
      39
      43
      49
      59
      47
      54
      45
      30
      46
      43
      39
      46
      40
      37
      46
      51
      51
      54
      36
      43
      41
      44
      41
      42
      38
      49
      44
      50
      52
      38
      49
      40
      27
      44
      56
      41
      51
      34
      41
      62
      42
      46
      51
      40
      45
      45
      56
      47
      44
      45
      46
      51
      46
      46
      50
      37
      44
      40
      44
      42
      49
      57
      43
      45
      55
      32
      42
      61
      49
      38
      56
      53
      28
      41
      53
      51
      43
      42
      41
      47
      46
      37
      39
      45
      43
      53
      32
      38
      38
      42
      48
      47
      34
      52
      53
      42
      57
      54
      45
      35
      38
      42
      41
      41
      45
      34
      51
      58
      36
      49
      50
      48
      46
      63
      47
      45
      40
      44
      50
      45
      44
      37
      55
      53
      35
      42
      44
      44
      37
      34
      51
      37
      44
      52
      48
      44
      38
      43
      38
      57
      43
      41
      40
      46
      46
      46
      43
      36
      45
      46
      53
      45
      35
      48
      26
      42
      45
      37
      30
      45
      53
      59
      48
      33
      18
      47
      40
      44
      40
      49
      49
      39
      48
      46
      45
      35
      41
      50
      37
      53
      37
      43
      44
      30
      30
      43
      45
      41
      37
      41
      40
      27
      44
      53
      36
      45
      39
      50
      40
      51
      40
      55
      34
      41
      36
      42
      41
      42
      35
      48
      41
      35
      39
      36
      35
      44
      47
      44
      45
      51
      38
      40
      41
      41
      47
      36
      50
      38
      52
      48
      49
      45
      38
      38
      40
      47
      50
      28
      53
      52
      48
      39
      39
      46
      44
      51
      43
      43
      39
      38
      48
      40
      50
      33
      52
      41
      42
      41
      47
      45
      53
      42
      33
      51
      43
      36
      44
      47
      41
      35
      44
      47
      46
      47
      46
      53
      52
      55
      58
      44
      37
      44
      43
      56
      43
      35
      45
      55
      39
      42
      39
      41
      37
      45
      37
      42
      27
      53
      49
      53
      44
      36
      44
      47
      42
      40
      38
      41
      37
      38
      43
      41
      41
      31
      37
      33
      39
      36
      39
      39
      45
      40
      33
      34
      55
      29
      50
      48
      43
      43
      35
      32
      38
      29
      42
      44
      36
      24
      45
      43
      38
      36
      28
      35
      40
      30
      38
      25
      33
      44
      37
      35
      38
      37
      41
      31
      33
      30
      38
      34
      33
      26
      46
      41
      35
      29
      36
      30
      40
      38
      40
      38
      34
      35
      39
      23
      31
      31
      40
      43
      36
      40
      30
      29
      33
      35
      26
      43
      40
      35
      31
      34
      34
      44
      39
      28
      29
      40
      29
      38
      28
      41
      35
      33
      39
      35
      43
      40
      47
      25
      25
      40
      33
      38
      28
      37
      36
      30
      35
      37
      35
      42
      32
      31
      47
      38
      31
      41
      27
      45
      35
      35
      41
      33
      29
      28
      20
      31
      35
      30
      34
      26
      38
      41
      34
      32
      28
      26
      27
      25
      26
      24
      27
      38
      36
      35
      34
      36
      25
      34
      32
      31
      29
      23
      28
      32
      28
      27
      31
      27
      36
      19
      25
      30
      33
      33
      32
      40
      30
      38
      37
      34
      35
      28
      32
      17
      20
      35
      27
      34
      42
      17
      25
      33
      25
      21
      25
      24
      24
      31
      23
      36
      28
      28
      29
      22
      30
      34
      29
      28
      25
      23
      40
      28
      37
      27
      29
      34
      19
      39
      31
      35
      18
      30
      29
      25
      28
      32
      27
      30
      29
      25
      24
      30
      26
      28
      36
      32
      32
      33
      31
      34
      28
      30
      22
      30
      28
      24
      29
      25
      32
      31
      28
      24
      32
      28
      28
      23
      35
      30
      35
      16
      25
      24
      33
      30
      26
      25
      23
      26
      25
      30
      31
      29
      22
      29
      26
      30
      32
      33
      32
      29
      20
      22
      33
      26
      25
      32
      35
      27
      34
      28
      34
      27
      32
      38
      31
      35
      20
      34
      28
      15
      17
      27
      27
      22
      32
      29
      30
      36
      25
      33
      38
      32
      20
      37
      26
      30
      28
      27
      21
      36
      35
      26
      23
      34
      15
      18
      23
      28
      36
      29
      23
      29
      20
      32
      38
      29
      33
      35
      32
      32
      27
      26
      27
      20
      27
      30
      29
      22
      26
      26
      39
      33
      21
      23
      30
      30
      28
      26
      28
      26
      28
      28
      22
      31
      33
      33
      31
      23
      33
      38
      23
      16
      35
      36
      18
      29
      25
      20
      24
      23
      22
      27
      33
      19
      25
      25
      25
      19
      21
      21
      29
      22
      29
      32
      33
      32
      29
      21
      20
      26
      15
      26
      25
      31
      28
      26
      28
      28
      13
      13
      31
      23
      24
      28
      30
      26
      30
      35
      22
      21
      28
      35
      31
      19
      29
      21
      22
      13
      26
      21
      20
      32
      29
      23
      33
      32
      21
      26
      29
      28
      28
      25
      26
      26
      22
      30
      26
      38
      23
      22
      26
      26
      22
      30
      20
      28
      25
      29
      29
      17
      17
      31
      19
      23
      20
      23
      26
      27
      28
      34
      26
      27
      23
      30
      26
      26
      19
      19
      29
      24
      25
      26
      24
      24
      35
      27
      27
      25
      20
      24
      29
      24
      32
      34
      30
      30
      25
      20
      29
      24
      19
      26
      20
      43
      23
      33
      28
      24
      28
      32
      24
      32
      23
      27
      24
      28
      31
      35
      30
      33
      25
      23
      31
      33
      23
      28
      30
      21
      24
      26
      24
      24
      25
      22
      28
      24
      36
      37
      34
      24
      32
      33
      30
      34
      35
      25
      14
      21
      34
      40
      28
      26
      30
      27
      27
      26
      21
      19
      29
      20
      19
      31
      21
      18
      20
      28
      23
      18
      21
      28
      23
      30
      32
      25
      29
      26
      28
      32
      34
      27
      30
      29
      20
      22
      21
      29
      31
      24
      24
      24
      37
      26
      26
      27
      25
      22
      24
      23
      24
      33
      28
      25
      28
      21
      20
      19
      28
      24
      22
      23
      18
      23
      28
      19
      26
      23
      21
      21
      14
      31
      19
      26
      33
      30
      24
      22
      29
      23
      16
      24
      17
      22
      21
      15
      27
      14
      18
      21
      27
      22
      27
      25
      15
      22
      18
      24
       8
      13
      20
      22
      23
      26
      12
      24
      24
      23
      15
      13
      20
      17
      18
      20
      18
      25
      15
      22
      15
      27
      25
      17
      18
      12
       9
      13
      14
      25
      13
      15
      10
       8
      18
      13
       9
      14
      14
      11
      22
      15
      11
      14
       6
      14
      12
      13
      19
      18
       9
      15
      10
      14
      11
      13
      14
      19
      12
      10
      10
      11
      10
      11
      11
      15
       7
      10
      12
      13
      14
      12
      13
      11
      10
      15
      10
      16
      11
      14
      12
      16
      10
      10
       7
      10
      21
      11
      16
      13
      10
      22
       8
       7
      10
       8
       9
       3
      11
      12
      14
       7
       9
      10
      13
      13
      13
       8
      11
      10
      20
      11
      11
      10
       7
      12
      12
       8
      15
      10
       6
       8
       9
       9
       8
       3
       9
      14
       7
      16
      11
      10
       7
       6
       7
       5
       8
       6
       9
       7
      16
      13
       7
      11
       7
       6
       8
      10
      10
      10
       9
      10
      17
       9
      17
       9
       6
      21
       4
      10
       9
       8
       5
       7
       8
      11
      11
      11
       3
      10
      10
       7
       9
      14
       8
       8
      11
       6
       8
      16
      11
      10
      10
       8
      11
       7
       9
       7
      12
      13
       7
       1
      11
       9
      12
      12
       9
       8
       9
       5
       5
       6
      12
       6
       5
      12
      10
      11
       8
       8
       6
       9
       8
       3
       7
      10
      11
      16
       2
       6
       6
      10
      11
       8
       7
      11
       9
       4
       7
       4
      12
       9
       6
       3
       9
       8
       9
       6
       9
       7
       4
       7
       3
      10
       6
       9
       5
      13
      10
       7
       9
       3
       9
       8
       9
      10
       6
       7
      10
      12
      10
       9
      10
       6
      11
       5
      14
       7
      10
      10
      12
       7
       8
       6
       3
      10
      12
       7
       9
       9
       3
      13
      10
       8
       9
       8
       7
       5
       5
       9
       8
       7
       7
      10
       9
      11
       8
      11
      14
      13
       6
       8
       8
      12
       5
       7
       9
       6
       6
       9
       5
      14
      11
      10
       8
       9
       6
      14
       7
       6
      10
      13
      11
       7
       6
      10
       5
      13
       5
      11
      11
       4
       5
      12
       8
       9
       5
      17
       8
      12
      13
       9
      10
      11
      10
      17
      14
      12
      10
      11
      14
      16
       7
       9
      10
      15
      12
      11
      16
      14
      11
      11
      10
      16
       9
      23
      17
      14
       9
      16
      17
      18
      20
      19
      16
      19
      14
      19
      23
      19
      19
      17
      24
      24
      22
      22
      24
      24
      24
      24
      23
      25
      25
      32
      29
      27
      32
      34
      28
      33
      27
      35
      35
      34
      34
      43
      32
      34
      27
      32
      36
      33
      32
      50
      45
      48
      49
      46
      53
      48
      40
      45
      48
      50
      58
      56
      55
      67
      67
      52
      55
      70
      67
      65
      61
      65
      82
      61
      65
      83
      87
      84
      67
      75
      86
      81
      71
      73
      88
      81
     110
     105
     103
      93
      86
     103
     107
      87
     107
     111
     130
     100
     101
     120
     120
     128
     121
     103
     105
     117
     114
     106
     105
     139
     127
     132
     126
     130
     129
     115
     140
     128
     123
     135
     137
     136
     143
     138
     119
     134
     171
     154
     126
     158
     130
     154
     128
     165
     114
     146
     123
     146
     144
     151
     142
     130
     149
     168
     127
     157
     137
     123
     130
     130
     121
     131
     146
     119
     131
     141
     125
     127
     118
     115
     133
     115
     106
     127
     128
     106
     100
     103
     108
     121
     141
     106
     108
     119
      85
      89
     102
     100
      90
     100
      78
      89
     102
      99
      86
      86
      86
      73
      87
      73
      76
      93
      69
      64
      82
      73
      58
      63
      75
      75
      67
      47
      61
      42
      48
      49
      52
      62
      53
      50
      43
      44
      48
      49
      43
      48
      36
      27
      43
      32
      34
      30
      21
      30
      24
      26
      28
      27
      28
      26
      17
      19
      33
      16
      23
      23
      24
      14
      19
      14
      18
      19
      10
      15
      15
       5
       8
      13
      10
       6
      11
       6
      14
      11
       5
       9
       5
      12
       4
       2
      10
       3
       3
       4
       7
       7
       7
       4
       1
       7
       7
       8
       6
       5
       5
       2
       1
       6
       2
       2
       1
       2
       2
       3
       4
       1
       3
       2
       3
       2
       1
       2
       3
       2
       2
       0
       1
       0
       3
       1
       3
       2
       2
       2
       4
       1
       0
       3
       1
       2
       0
       3
       0
       1
       0
       2
       3
       2
       2
       1
       2
       2
       1
       1
       0
       2
       2
       2
       2
       0
       3
       1
       3
       4
       1
       2
       1
       1
       2
       1
       2
       1
       1
       1
       3
       0
       1
       0
       1
       2
       0
       0
       1
       2
       1
       0
       2
       2
       0
       2
       1
       2
       0
       3
       1
       2
       1
       4
       1
       0
       1
       1
       1
       0
       1
       2
       0
       3
       1
       1
       1
       5
       1
       2
       1
       1
       4
       3
       1
       0
       1
       3
       0
       0
       1
       1
       1
       1
       0
       1
       2
       2
       1
       1
       1
       0
       0
       0
       0
       1
       1
       1
       0
       0
       1
       2
       4
       4
       3
       1
       1
       0
       1
       2
       0
       0
       0
       1
       1
       0
       1
       1
       3
       1
       0
       0
       2
       1
       1
       1
       0
       2
       1
       3
       0
       4
       1
       2
       0
       0
       0
       0
       0
       0
       0
       0
       0
       0
       0
       0
       0
       0
       0
       0
       0
       0
       0
       0
       0
       0
       0
       0
       0
       0
       0
       0
       0
       0
       0
       0
$ROI:
1
780 965
$PRESETS:
Real Time
60
0
$ENER_FIT:
0.000000 0.630393
$MCA_CAL:
3
0.000000E+000 6.303934E-001 0.000000E+000 keV
$SHAPE_CAL:
3
3.727226E+001 0.000000E+000 0.000000E+000
