$SPEC_ID:
Moving Scintillator
$SPEC_REM:
DET# 5
DETDESC# JLAB-9 MCB 135
AP# Maestro Version 7.01
$DATE_MEA:
11/28/2018 14:28:45
$MEAS_TIM:
58 60
$DATA:
0 2047
       0
       0
       0
       0
       0
       0
       0
       0
       0
       0
       0
       0
       0
       0
       0
       0
       0
       0
       0
       0
       0
       0
       0
       0
       0
       0
       0
       0
       0
       0
       0
       0
       0
       0
       0
       0
       0
       0
       0
       0
       0
       0
       0
       0
       0
       0
       0
       0
       0
      39
      39
      44
      45
      36
      38
      31
      26
      27
      36
      38
      38
      45
      29
      42
      41
      42
      40
      39
      29
      38
      39
      42
      38
      43
      38
      53
      43
      40
      40
      37
      29
      36
      32
      40
      46
      42
      49
      45
      39
      41
      39
      38
      43
      45
      34
      45
      42
      57
      42
      48
      45
      43
      34
      37
      50
      49
      47
      44
      49
      37
      61
      44
      40
      38
      58
      47
      48
      51
      45
      45
      44
      45
      31
      42
      50
      49
      38
      52
      45
      41
      43
      37
      54
      45
      55
      59
      48
      48
      48
      58
      45
      42
      34
      60
      48
      58
      41
      53
      54
      45
      56
      52
      49
      43
      35
      62
      49
      52
      61
      46
      46
      49
      52
      38
      44
      44
      48
      54
      52
      57
      52
      55
      54
      41
      67
      55
      58
      51
      45
      52
      36
      74
      49
      43
      51
      59
      58
      46
      51
      59
      60
      60
      50
      67
      64
      63
      59
      33
      73
      67
      77
      69
      60
      68
      74
      69
      64
      87
      58
      81
      72
      73
      56
      74
      60
      72
      67
      57
      74
      70
      67
      63
      81
      79
      75
      63
      69
      58
      59
      70
      71
      70
      60
      61
      68
      63
      65
      63
      72
      65
      63
      64
      64
      51
      64
      68
      76
      55
      68
      60
      63
      65
      51
      74
      64
      71
      61
      80
      78
      67
      49
      58
      60
      71
      60
      49
      55
      62
      73
      59
      71
      69
      57
      67
      74
      73
      67
      57
      63
      51
      65
      57
      46
      61
      62
      61
      75
      60
      61
      62
      58
      73
      71
      69
      67
      67
      67
      73
      63
      69
      63
      59
      55
      59
      62
      69
      72
      68
      63
      61
      53
      64
      81
      68
      61
      70
      62
      54
      65
      54
      72
      75
      65
      67
      67
      69
      71
      66
      80
      70
      58
      68
      74
      65
      61
      67
      59
      57
      59
      66
      47
      65
      66
      75
      69
      62
      65
      60
      80
      64
      66
      53
      65
      61
      72
      66
      62
      65
      68
      83
      60
      71
      66
      50
      70
      63
      68
      70
      55
      75
      81
      65
      71
      65
      47
      49
      70
      79
      65
      72
      81
      65
      69
      57
      70
      54
      74
      75
      63
      68
      69
      65
      57
      62
      70
      66
      67
      71
      66
      52
      75
      70
      59
      70
      81
      63
      61
      85
      82
      76
      75
      59
      69
      53
      77
      56
      58
      60
      61
      66
      70
      63
      64
      71
      71
      77
      60
      58
      69
      49
      74
      73
      62
      76
      74
      62
      66
      61
      65
      73
      54
      64
      62
      64
      66
      65
      71
      72
      75
      71
      80
      58
      81
      56
      63
      58
      76
      90
      57
      67
      64
      68
      80
      66
      64
      63
      70
      66
      61
      77
      72
      67
      80
      62
      85
      71
      72
      55
      73
      65
      75
      66
      78
      68
      61
      76
      77
      59
      89
      79
      81
      68
      55
      80
      81
      65
      78
      59
      71
      85
      64
      73
      87
      72
      59
      90
      75
      77
      82
      67
      88
      82
      71
      87
      60
      78
      65
      80
      78
      64
      92
      70
      82
      78
      78
      76
      76
      68
      66
      78
      60
      86
      55
      92
      63
      62
      61
      70
      68
      79
      87
      82
      81
      71
      68
      63
      64
      84
      60
      78
      81
      63
      59
      71
      62
      82
      56
      63
      64
      75
      89
      66
      62
      63
      53
      72
      69
      71
      73
      55
      68
      72
      69
      63
      60
      61
      58
      55
      75
      61
      64
      58
      60
      66
      54
      72
      68
      74
      52
      61
      68
      59
      68
      57
      59
      63
      55
      64
      66
      70
      68
      54
      54
      64
      52
      53
      63
      48
      49
      65
      61
      66
      64
      64
      63
      58
      52
      58
      59
      57
      78
      69
      59
      61
      44
      51
      61
      50
      46
      64
      63
      59
      42
      61
      48
      50
      68
      62
      62
      54
      49
      53
      57
      56
      60
      64
      51
      54
      58
      56
      51
      50
      54
      47
      61
      61
      47
      54
      48
      54
      50
      54
      55
      66
      49
      41
      51
      54
      47
      50
      48
      48
      55
      60
      52
      56
      52
      46
      53
      42
      59
      60
      52
      63
      64
      45
      40
      54
      46
      53
      60
      41
      46
      56
      49
      50
      44
      48
      48
      38
      59
      47
      50
      58
      61
      60
      45
      52
      58
      48
      52
      56
      52
      58
      50
      56
      61
      50
      56
      48
      50
      56
      66
      55
      47
      52
      58
      47
      56
      40
      59
      44
      49
      46
      46
      52
      58
      43
      45
      39
      52
      48
      42
      64
      51
      62
      53
      55
      58
      53
      59
      45
      57
      41
      51
      58
      52
      50
      51
      54
      61
      62
      47
      48
      55
      45
      73
      41
      63
      56
      53
      47
      52
      46
      33
      49
      50
      58
      44
      45
      40
      35
      53
      50
      49
      58
      73
      45
      50
      65
      40
      41
      56
      64
      42
      59
      39
      47
      35
      48
      60
      49
      54
      44
      50
      49
      47
      46
      50
      47
      44
      48
      52
      59
      57
      35
      64
      52
      60
      47
      49
      48
      48
      51
      40
      57
      49
      36
      60
      62
      44
      52
      51
      64
      43
      41
      47
      40
      44
      43
      42
      47
      48
      42
      45
      52
      46
      54
      42
      51
      48
      45
      68
      53
      64
      47
      40
      56
      42
      61
      45
      42
      48
      54
      47
      63
      54
      41
      60
      41
      55
      35
      52
      52
      58
      57
      54
      49
      40
      47
      58
      53
      54
      63
      58
      77
      43
      47
      64
      45
      58
      52
      51
      46
      53
      37
      47
      61
      47
      42
      50
      49
      41
      48
      38
      47
      55
      61
      38
      57
      50
      43
      51
      56
      43
      46
      57
      43
      44
      41
      50
      58
      45
      38
      54
      53
      60
      49
      43
      39
      44
      46
      52
      60
      56
      47
      46
      43
      41
      46
      50
      54
      49
      56
      49
      40
      30
      36
      44
      65
      41
      52
      51
      54
      41
      46
      39
      51
      54
      50
      43
      40
      54
      57
      50
      59
      48
      55
      33
      53
      42
      48
      40
      58
      48
      43
      43
      54
      40
      51
      55
      54
      59
      64
      50
      50
      41
      38
      44
      60
      49
      47
      55
      47
      59
      60
      55
      50
      50
      60
      55
      56
      45
      54
      44
      54
      44
      59
      41
      50
      56
      51
      54
      54
      43
      45
      47
      47
      48
      47
      36
      50
      39
      42
      54
      37
      50
      51
      43
      59
      48
      51
      55
      58
      50
      54
      39
      63
      55
      47
      52
      55
      63
      52
      46
      51
      47
      52
      46
      47
      52
      66
      50
      57
      60
      47
      41
      51
      35
      55
      50
      38
      40
      66
      49
      53
      48
      65
      50
      57
      44
      56
      51
      56
      43
      64
      51
      58
      54
      49
      57
      54
      46
      54
      40
      44
      60
      51
      35
      44
      54
      43
      47
      56
      39
      54
      45
      49
      40
      32
      46
      49
      54
      48
      48
      55
      45
      59
      42
      53
      45
      53
      42
      46
      54
      45
      43
      41
      43
      56
      46
      38
      47
      44
      44
      34
      40
      43
      38
      48
      43
      45
      43
      32
      49
      44
      33
      34
      34
      41
      31
      43
      42
      37
      37
      42
      40
      35
      24
      37
      39
      35
      45
      42
      34
      42
      35
      47
      31
      35
      40
      30
      32
      23
      39
      31
      24
      30
      28
      24
      29
      30
      35
      27
      27
      31
      23
      27
      30
      26
      23
      18
      37
      25
      27
      31
      25
      30
      25
      26
      20
      20
      25
      27
      29
      21
      19
      27
      22
      24
      26
      24
      14
      26
      25
      18
      32
      21
      14
      26
      25
      31
      21
      29
      23
      21
      22
      16
      21
      27
      20
      29
      28
      15
      15
      20
      23
      20
      27
      18
      16
      17
      24
      17
      20
      22
      17
      17
      29
      21
      19
      24
      12
      21
      20
      25
      22
      21
      18
      19
      15
      18
      14
      14
      23
      15
      31
      16
      22
       7
      17
      24
      16
      10
      17
      21
      15
      17
      21
      22
      24
      15
      19
      19
      13
      20
      27
      16
      16
      15
      26
      18
      21
      13
      16
      18
      23
      20
      20
      13
      17
      22
      18
      15
      15
      11
      15
      20
      15
      22
      14
      20
      17
      20
      26
      19
      11
      12
      20
      16
      16
      23
      12
      23
      15
      11
      16
      17
      10
      13
      18
      12
      13
      15
      24
      11
      23
      14
      10
      20
      24
      15
      12
      14
      11
      13
      13
      23
      16
      21
      10
      19
      16
      10
      13
      14
      16
      14
      17
      23
      18
      18
      18
      11
      15
       9
      11
      15
      14
      14
      14
      19
      14
      16
      18
      12
      15
      16
      12
      18
      11
      15
      10
      14
      12
      14
      12
      10
      16
      15
      12
      16
      10
      18
      16
      19
      25
      14
      16
      16
      17
      12
      15
      22
      12
      12
      17
      14
      17
      13
       9
      16
      14
      16
      10
      16
      20
      12
      13
      18
      12
      16
      22
      19
      16
      12
      17
      14
      18
       9
      13
      18
      22
      20
      18
      10
       6
      17
      17
      17
      11
      20
      13
      16
      15
      13
      18
      14
      15
      14
      15
      16
      11
      11
      18
      23
      17
      13
      27
      21
      12
      17
      18
      24
      11
      17
      15
      15
      20
      17
      23
      22
      22
      18
      21
      18
      21
       8
      16
      22
      21
      20
      18
      13
      19
      15
      13
      18
      24
      18
      11
      24
      27
      21
      13
      23
      25
      31
      25
      29
      24
      32
      22
      28
      24
      32
      25
      22
      29
      35
      31
      28
      29
      22
      29
      37
      35
      36
      28
      32
      22
      38
      35
      56
      34
      33
      41
      51
      34
      46
      53
      37
      51
      46
      63
      52
      40
      48
      59
      72
      58
      60
      68
      57
      67
      66
      79
      74
      63
      83
      89
      97
      74
      82
      85
      97
      96
      81
     104
      82
      86
      92
     118
     126
     112
     121
     107
     128
     123
     109
     117
     143
     135
     149
     157
     142
     141
     132
     124
     150
     154
     166
     169
     180
     137
     176
     149
     161
     181
     160
     167
     188
     196
     191
     190
     206
     196
     205
     203
     211
     202
     207
     229
     223
     240
     230
     223
     263
     249
     246
     254
     239
     239
     258
     248
     262
     242
     259
     254
     281
     271
     274
     264
     260
     255
     276
     254
     289
     267
     268
     256
     284
     271
     284
     265
     259
     291
     271
     262
     270
     251
     253
     271
     270
     248
     251
     272
     282
     258
     267
     237
     246
     245
     258
     240
     218
     253
     229
     257
     231
     240
     257
     233
     237
     234
     237
     211
     201
     206
     204
     205
     205
     200
     199
     193
     179
     185
     176
     143
     184
     184
     179
     172
     165
     173
     131
     154
     146
     183
     138
     130
     132
     128
     126
     118
     108
     121
     110
      77
      86
     112
     100
      93
      79
      80
      88
     102
      94
      78
      91
      61
      65
      73
      62
      50
      49
      54
      62
      64
      48
      53
      51
      41
      43
      52
      54
      40
      36
      35
      39
      39
      34
      21
      32
      35
      29
      22
      26
      20
      19
      26
      19
      19
      19
      16
      19
      17
      16
      11
       8
      14
      14
       7
      12
      10
       9
       5
       5
       7
       9
       4
       6
       6
       8
       4
       4
       4
       5
       4
       6
       5
       7
       6
       4
       3
       3
       4
       1
       4
       3
       1
       2
       1
       5
       4
       1
       1
       1
       0
       1
       1
       2
       2
       2
       0
       0
       1
       1
       1
       6
       1
       0
       7
       2
       5
       3
       4
       0
       1
       6
       2
       3
       3
       2
       3
       4
       3
       3
       0
       2
       2
       2
       4
       0
       3
       0
       0
       0
       2
       1
       3
       0
       4
       0
       1
       5
       2
       0
       2
       2
       0
       1
       1
       1
       1
       0
       1
       1
       2
       1
       3
       2
       1
       1
       0
       4
       1
       1
       3
       1
       0
       1
       0
       5
       4
       1
       3
       1
       1
       1
       2
       5
       3
       2
       1
       2
       3
       1
       3
       2
       3
       2
       1
       1
       1
       2
       2
       1
       0
       2
       3
       4
       1
       3
       1
       0
       1
       1
       1
       2
       2
       0
       3
       0
       2
       2
       0
       0
       0
       0
       4
       0
       2
       1
       2
       4
       2
       0
       1
       1
       0
       0
       3
       1
       1
       1
       0
       3
       1
       1
       1
       2
       1
       1
       2
       4
       2
       2
       1
       3
       3
       1
       0
       2
       3
       1
       1
       1
       2
       0
       3
       0
       1
       0
       2
       0
       1
       2
       4
       1
       2
       3
       3
       1
       3
       0
       3
       0
       0
       1
       1
       1
       2
       2
       1
       2
       0
       0
       1
       1
       2
       1
       1
       1
       0
       1
       2
       1
       1
       0
       3
       3
       3
       0
       0
       1
       2
       3
       1
       0
       2
       2
       1
       1
       1
       0
       1
       1
       2
       3
       0
       0
       0
       0
       0
       1
       1
       1
       1
       2
       0
       2
       2
       1
       1
       2
       0
       0
       0
       0
       0
       0
       0
       0
       0
       0
       0
       0
       0
       0
       0
       0
       0
       0
       0
       0
       0
       0
       0
       0
       0
       0
       0
       0
       0
       0
       0
       0
$ROI:
1
780 965
$PRESETS:
Real Time
60
0
$ENER_FIT:
0.000000 0.630393
$MCA_CAL:
3
0.000000E+000 6.303934E-001 0.000000E+000 keV
$SHAPE_CAL:
3
3.727226E+001 0.000000E+000 0.000000E+000
