$SPEC_ID:
Moving Scintillator
$SPEC_REM:
DET# 5
DETDESC# JLAB-9 MCB 135
AP# Maestro Version 7.01
$DATE_MEA:
11/28/2018 14:46:09
$MEAS_TIM:
58 60
$DATA:
0 2047
       0
       0
       0
       0
       0
       0
       0
       0
       0
       0
       0
       0
       0
       0
       0
       0
       0
       0
       0
       0
       0
       0
       0
       0
       0
       0
       0
       0
       0
       0
       0
       0
       0
       0
       0
       0
       0
       0
       0
       0
       0
       0
       0
       0
       0
       0
       0
       0
       0
      28
      32
      35
      28
      24
      33
      24
      32
      18
      32
      24
      18
      27
      40
      39
      33
      33
      43
      31
      34
      27
      33
      40
      23
      25
      43
      36
      27
      34
      39
      35
      27
      30
      37
      33
      34
      28
      32
      33
      36
      34
      41
      37
      35
      35
      30
      35
      30
      28
      33
      41
      44
      43
      40
      36
      36
      30
      39
      36
      31
      34
      28
      32
      26
      38
      34
      29
      31
      34
      26
      43
      41
      43
      37
      30
      41
      26
      34
      31
      23
      28
      38
      34
      32
      42
      28
      35
      34
      30
      39
      32
      30
      33
      41
      37
      50
      34
      29
      37
      29
      34
      45
      37
      38
      37
      44
      31
      32
      43
      35
      46
      39
      38
      35
      43
      38
      32
      54
      38
      36
      33
      44
      29
      39
      24
      34
      39
      38
      50
      41
      37
      36
      46
      33
      45
      53
      48
      42
      42
      46
      47
      48
      47
      43
      47
      52
      51
      38
      36
      59
      50
      37
      52
      44
      49
      56
      46
      49
      56
      48
      51
      57
      55
      51
      66
      46
      51
      40
      63
      64
      63
      57
      55
      63
      66
      60
      53
      57
      56
      53
      44
      58
      61
      47
      61
      55
      55
      46
      59
      58
      46
      45
      54
      50
      39
      63
      64
      58
      54
      54
      52
      63
      49
      51
      56
      69
      57
      43
      52
      58
      57
      51
      52
      57
      56
      54
      52
      45
      51
      68
      49
      57
      67
      62
      56
      50
      40
      56
      58
      47
      50
      58
      57
      45
      55
      43
      55
      53
      45
      50
      54
      45
      55
      45
      57
      53
      55
      65
      65
      53
      53
      59
      57
      70
      60
      62
      51
      59
      64
      54
      56
      49
      55
      53
      53
      52
      55
      50
      66
      58
      56
      58
      55
      57
      53
      41
      69
      46
      39
      53
      74
      52
      66
      61
      55
      60
      56
      43
      54
      60
      48
      55
      58
      62
      52
      70
      63
      63
      67
      52
      54
      47
      41
      54
      58
      53
      48
      62
      70
      65
      46
      59
      58
      48
      57
      65
      53
      53
      62
      49
      61
      62
      53
      46
      46
      62
      42
      47
      64
      50
      62
      56
      56
      55
      57
      49
      52
      47
      46
      42
      49
      56
      51
      69
      50
      42
      57
      57
      75
      54
      63
      47
      58
      59
      57
      63
      45
      51
      52
      64
      52
      53
      59
      66
      40
      49
      51
      51
      40
      55
      47
      47
      48
      45
      49
      50
      52
      49
      66
      47
      51
      59
      44
      48
      57
      49
      66
      65
      57
      64
      58
      58
      59
      58
      59
      39
      52
      58
      64
      48
      44
      51
      37
      61
      57
      50
      55
      48
      69
      50
      60
      50
      48
      53
      42
      51
      55
      44
      53
      61
      53
      49
      59
      53
      50
      42
      60
      50
      62
      55
      58
      55
      52
      42
      45
      57
      62
      64
      66
      50
      54
      53
      59
      64
      52
      58
      59
      48
      63
      59
      60
      58
      70
      58
      56
      57
      56
      51
      54
      53
      50
      48
      60
      63
      68
      73
      51
      59
      61
      61
      59
      52
      58
      65
      56
      48
      73
      55
      56
      56
      54
      63
      63
      55
      78
      53
      65
      65
      53
      61
      55
      55
      66
      51
      56
      57
      50
      56
      59
      54
      62
      66
      62
      54
      63
      66
      60
      55
      32
      58
      59
      64
      47
      58
      48
      61
      46
      70
      66
      47
      54
      62
      57
      50
      59
      42
      61
      49
      46
      49
      45
      52
      53
      58
      50
      52
      40
      53
      45
      56
      49
      45
      51
      62
      57
      58
      32
      52
      54
      56
      43
      60
      48
      55
      45
      52
      40
      50
      47
      50
      63
      63
      43
      59
      58
      48
      63
      48
      44
      52
      48
      49
      44
      39
      50
      49
      40
      50
      52
      56
      58
      49
      54
      44
      48
      43
      51
      47
      46
      48
      48
      40
      51
      43
      46
      59
      50
      66
      50
      65
      44
      31
      60
      46
      38
      64
      52
      50
      54
      53
      54
      38
      48
      43
      57
      39
      50
      50
      42
      42
      52
      38
      53
      40
      42
      45
      52
      41
      50
      50
      42
      42
      54
      37
      40
      47
      31
      40
      54
      40
      40
      34
      55
      45
      26
      51
      37
      38
      37
      48
      45
      41
      44
      48
      47
      52
      43
      47
      46
      37
      43
      40
      34
      36
      54
      48
      50
      38
      43
      43
      38
      45
      43
      35
      39
      50
      39
      51
      45
      36
      39
      36
      36
      45
      40
      28
      43
      45
      47
      49
      38
      48
      53
      48
      41
      42
      36
      42
      39
      38
      34
      57
      48
      39
      43
      37
      38
      28
      32
      56
      45
      38
      43
      34
      41
      32
      35
      40
      34
      50
      44
      44
      38
      27
      42
      42
      37
      45
      42
      35
      33
      39
      38
      39
      40
      38
      48
      50
      51
      38
      45
      47
      35
      40
      36
      53
      38
      42
      45
      34
      35
      45
      35
      38
      48
      47
      39
      37
      46
      39
      30
      32
      41
      33
      35
      36
      40
      49
      31
      41
      34
      53
      33
      29
      43
      36
      49
      42
      34
      32
      40
      36
      46
      32
      31
      39
      25
      26
      40
      37
      41
      41
      30
      37
      46
      29
      34
      39
      33
      38
      25
      42
      44
      33
      47
      38
      41
      43
      43
      33
      42
      43
      30
      36
      42
      40
      40
      42
      46
      37
      37
      38
      36
      36
      47
      40
      42
      40
      43
      58
      40
      38
      31
      47
      49
      35
      36
      42
      35
      41
      39
      52
      41
      39
      51
      34
      43
      34
      30
      40
      46
      55
      38
      27
      27
      41
      41
      43
      38
      35
      39
      41
      41
      40
      30
      38
      35
      42
      45
      37
      30
      42
      35
      36
      41
      47
      49
      46
      42
      38
      40
      39
      46
      33
      43
      50
      37
      37
      37
      46
      35
      41
      38
      39
      37
      44
      48
      47
      44
      39
      31
      39
      33
      44
      33
      33
      36
      38
      28
      38
      36
      35
      39
      38
      39
      36
      31
      49
      38
      30
      47
      33
      35
      34
      52
      42
      35
      34
      45
      31
      35
      34
      26
      33
      31
      33
      35
      39
      44
      39
      42
      44
      37
      36
      36
      37
      43
      46
      29
      28
      29
      41
      41
      35
      29
      43
      38
      39
      39
      40
      35
      29
      33
      45
      35
      37
      38
      38
      32
      42
      39
      36
      42
      42
      42
      34
      39
      40
      26
      47
      44
      38
      34
      29
      41
      29
      37
      45
      34
      32
      34
      45
      35
      44
      46
      33
      35
      47
      43
      49
      40
      30
      39
      44
      32
      46
      26
      35
      35
      29
      33
      46
      41
      34
      40
      30
      43
      37
      38
      41
      37
      42
      38
      37
      46
      47
      44
      34
      49
      48
      36
      38
      40
      38
      37
      39
      34
      35
      45
      41
      46
      36
      44
      33
      45
      37
      31
      40
      35
      40
      32
      48
      43
      32
      39
      40
      40
      50
      31
      35
      36
      37
      38
      52
      37
      37
      44
      29
      42
      55
      37
      40
      41
      37
      44
      44
      40
      38
      37
      42
      40
      46
      44
      31
      40
      34
      48
      43
      37
      38
      41
      41
      34
      37
      36
      32
      36
      46
      22
      37
      29
      36
      46
      40
      43
      29
      40
      43
      38
      53
      38
      48
      47
      28
      39
      43
      42
      37
      27
      24
      36
      28
      40
      36
      29
      36
      34
      27
      37
      33
      33
      34
      24
      36
      30
      36
      37
      44
      29
      30
      39
      34
      33
      37
      37
      23
      25
      30
      31
      25
      29
      36
      32
      42
      41
      29
      22
      27
      34
      34
      27
      24
      22
      22
      27
      32
      22
      31
      17
      20
      29
      25
      25
      29
      21
      25
      15
      26
      16
      17
      24
      29
      23
      20
      20
      24
      12
      24
      26
      12
      19
      17
      16
      26
      22
      30
      22
      18
      21
      19
      16
      26
      20
      11
      16
      13
      21
      19
      11
      20
      16
      12
      18
      18
      21
      10
      14
      18
      19
      13
      18
      17
      20
      24
      19
      10
      12
      15
      23
      15
      14
      14
      12
      16
      13
      14
      11
      14
      20
      15
      20
      12
      17
      16
      10
      15
      16
      15
      15
      10
      17
      14
      15
      15
      10
      15
      18
      19
      15
      16
      23
      10
      12
      16
      12
      13
      16
      12
      11
      13
      14
      15
      21
      13
      19
      13
      16
      12
      10
      19
       8
      19
      13
      12
      14
      14
      21
      13
      14
      10
      19
      16
      12
      12
      15
      17
       4
      20
       8
      13
      11
      13
      14
      14
      13
      16
       8
      14
      12
      18
      11
      14
       9
      12
      13
      12
      11
      15
      13
      11
      14
      15
      19
      16
       9
      12
       7
      11
      10
      11
      12
       8
      14
      13
       9
       9
      18
      15
      13
      16
      13
      10
      10
      14
      18
      16
      13
      11
      12
      10
      12
      11
      14
      13
      14
      13
      12
      10
       6
      15
       4
       5
      11
      12
      13
       9
       7
       9
       7
       8
      15
      17
      11
      13
      13
       9
       5
      14
      25
      11
      12
      11
      13
      11
      10
       7
       8
      11
      13
       9
      10
      11
       7
      12
      10
      14
      13
      10
      15
      12
      16
       7
      19
      17
      15
      15
      15
      12
       6
      10
      12
      14
      17
      21
      10
       9
      14
      11
      13
      12
      13
      16
      13
      13
       6
       9
       9
      18
      13
      12
      14
      11
       9
      13
      17
      14
       9
      14
      11
      13
       9
      17
      13
      12
      11
      13
      18
      15
      15
      13
      13
       7
       5
       9
      13
       9
      12
      16
      13
      12
      21
       8
       7
      11
      17
      16
      12
       9
      14
      14
      16
       9
       6
      17
      11
      10
      11
      16
      10
      21
      13
      15
      14
      14
       8
      15
      14
      12
      11
      20
      15
      17
      10
      15
      14
      11
      12
      18
      10
      18
      13
      15
      11
      14
      15
       9
      12
      16
      16
      13
      19
      13
      15
      19
      13
      15
      22
      22
      19
      15
      20
      21
      17
      16
      20
      25
      17
      29
      31
      32
      23
      26
      24
      23
      21
      30
      31
      17
      24
      27
      15
      33
      29
      29
      28
      35
      39
      36
      35
      37
      45
      50
      47
      37
      36
      37
      58
      43
      52
      52
      46
      56
      50
      48
      62
      64
      57
      61
      65
      70
      58
      58
      60
      73
      70
      74
      68
      78
      65
      76
      93
      88
      83
      77
      85
     104
      89
      87
      96
      93
      96
      87
      94
      99
     118
     119
     108
     123
      97
     114
     122
     108
     125
     138
     123
     142
     134
     141
     147
     141
     165
     150
     157
     153
     154
     154
     147
     158
     165
     155
     162
     169
     189
     191
     167
     198
     157
     165
     190
     173
     166
     175
     208
     171
     169
     184
     192
     205
     180
     203
     210
     186
     203
     188
     189
     205
     217
     196
     205
     203
     181
     212
     199
     191
     190
     204
     197
     186
     207
     210
     212
     224
     204
     200
     222
     197
     192
     183
     208
     200
     194
     217
     214
     193
     204
     208
     196
     185
     229
     182
     169
     156
     189
     200
     188
     163
     184
     183
     175
     194
     180
     161
     173
     178
     162
     151
     153
     140
     148
     153
     138
     136
     140
     140
     141
     118
     133
     121
     130
     125
     119
      95
      97
     101
     103
     117
      90
     100
      97
      85
      99
      90
     101
      85
      73
      77
      73
      83
      70
      55
      65
      84
      62
      59
      75
      54
      60
      59
      46
      51
      49
      58
      40
      30
      50
      33
      35
      32
      38
      33
      26
      31
      35
      37
      27
      20
      26
      17
      16
      21
      17
      17
      21
      17
      22
      23
      25
      16
      15
      14
      14
      13
      14
      19
      15
      14
       4
      11
      10
      14
       6
      10
       6
      10
       4
       4
      13
       6
       7
       5
       4
       4
       6
       9
       5
       8
       2
       3
       2
       3
       5
       3
       4
       0
       4
       0
       2
       1
       3
       2
       5
       1
       2
       4
       1
       4
       1
       1
       0
       2
       2
       4
       1
       0
       1
       2
       2
       0
       1
       1
       3
       3
       0
       1
       3
       2
       2
       0
       1
       0
       0
       1
       2
       3
       5
       3
       2
       2
       2
       2
       1
       2
       1
       1
       1
       0
       1
       1
       3
       3
       1
       1
       1
       2
       2
       1
       0
       1
       0
       0
       0
       3
       0
       1
       3
       3
       1
       0
       3
       2
       1
       2
       0
       1
       0
       1
       1
       0
       1
       0
       0
       0
       1
       0
       0
       3
       3
       0
       0
       1
       1
       1
       1
       1
       0
       2
       1
       2
       3
       0
       1
       1
       0
       0
       1
       2
       1
       1
       0
       2
       1
       2
       2
       1
       0
       2
       1
       2
       0
       1
       2
       2
       1
       2
       1
       1
       2
       3
       0
       3
       3
       2
       0
       2
       1
       1
       2
       0
       3
       3
       1
       0
       0
       4
       1
       1
       1
       2
       2
       1
       1
       3
       2
       0
       2
       0
       0
       0
       0
       0
       0
       0
       0
       0
       0
       0
       0
       0
       0
       0
       0
       0
       0
       0
       0
       0
       0
       0
       0
       0
       0
       0
       0
       0
       0
       0
       0
       0
       0
$ROI:
1
780 965
$PRESETS:
Real Time
60
0
$ENER_FIT:
0.000000 0.630393
$MCA_CAL:
3
0.000000E+000 6.303934E-001 0.000000E+000 keV
$SHAPE_CAL:
3
3.727226E+001 0.000000E+000 0.000000E+000
