$SPEC_ID:
Moving Scintillator
$SPEC_REM:
DET# 5
DETDESC# JLAB-9 MCB 135
AP# Maestro Version 7.01
$DATE_MEA:
11/28/2018 14:33:02
$MEAS_TIM:
58 60
$DATA:
0 2047
       0
       0
       0
       0
       0
       0
       0
       0
       0
       0
       0
       0
       0
       0
       0
       0
       0
       0
       0
       0
       0
       0
       0
       0
       0
       0
       0
       0
       0
       0
       0
       0
       0
       0
       0
       0
       0
       0
       0
       0
       0
       0
       0
       0
       0
       0
       0
       0
       0
      25
      41
      40
      33
      36
      40
      43
      40
      32
      35
      33
      32
      31
      35
      51
      35
      27
      39
      48
      41
      32
      43
      38
      46
      30
      37
      40
      45
      41
      36
      37
      39
      49
      45
      49
      32
      36
      46
      36
      45
      40
      31
      49
      45
      51
      42
      41
      39
      38
      50
      48
      41
      35
      49
      44
      37
      28
      39
      38
      45
      42
      44
      48
      43
      37
      37
      52
      40
      38
      42
      47
      40
      56
      47
      38
      51
      51
      31
      42
      52
      40
      49
      35
      45
      52
      31
      44
      53
      51
      43
      49
      51
      43
      44
      43
      40
      49
      47
      45
      52
      47
      45
      39
      48
      53
      41
      58
      44
      58
      41
      43
      42
      51
      48
      48
      38
      45
      50
      49
      54
      59
      41
      57
      43
      43
      56
      36
      51
      56
      47
      52
      47
      52
      50
      50
      56
      57
      59
      62
      50
      58
      48
      71
      71
      56
      60
      53
      62
      50
      59
      79
      67
      74
      69
      53
      75
      63
      72
      67
      61
      65
      50
      54
      79
      63
      70
      69
      68
      56
      69
      87
      77
      77
      83
      65
      66
      58
      53
      57
      71
      76
      69
      74
      72
      64
      67
      55
      66
      67
      62
      70
      57
      69
      71
      57
      59
      79
      64
      64
      71
      58
      64
      65
      57
      74
      77
      52
      59
      61
      67
      67
      69
      62
      61
      57
      59
      63
      66
      66
      65
      55
      64
      62
      71
      70
      65
      87
      47
      67
      61
      64
      68
      65
      67
      69
      69
      85
      56
      66
      74
      61
      63
      72
      69
      56
      66
      60
      63
      61
      69
      64
      65
      63
      67
      66
      65
      71
      68
      66
      72
      79
      65
      73
      76
      55
      58
      64
      65
      70
      63
      44
      67
      76
      64
      67
      74
      61
      62
      82
      61
      61
      64
      66
      55
      81
      69
      63
      68
      68
      83
      67
      76
      61
      65
      61
      60
      68
      63
      58
      78
      61
      61
      73
      77
      70
      69
      83
      54
      68
      58
      61
      65
      57
      66
      65
      59
      74
      64
      69
      60
      66
      67
      57
      76
      68
      64
      64
      63
      57
      56
      48
      73
      63
      74
      63
      53
      78
      73
      70
      64
      54
      61
      61
      71
      59
      65
      62
      60
      81
      59
      61
      54
      63
      57
      60
      72
      60
      71
      56
      71
      78
      64
      65
      53
      60
      65
      61
      71
      52
      58
      83
      54
      74
      51
      55
      71
      64
      72
      81
      62
      66
      66
      52
      65
      75
      73
      59
      66
      54
      55
      53
      67
      58
      95
      65
      72
      58
      78
      51
      68
      65
      67
      80
      60
      65
      80
      82
      54
      59
      58
      70
      70
      58
      74
      73
      77
      73
      57
      63
      70
      86
      82
      62
      77
      68
      89
      65
      66
      69
      84
      75
      81
      86
      72
      57
      70
      71
      60
      69
      68
      71
      73
      85
      82
      77
      68
      92
      64
      77
      63
      69
      92
      70
      75
      80
      72
      72
      81
      76
      91
      71
      80
      79
      66
      81
      75
      79
      68
      66
      74
      71
      75
      85
      80
      67
      65
      64
      74
      70
      90
      70
      68
      76
      79
      63
      80
      60
      69
      78
      59
      74
      65
      80
      74
      52
      67
      65
      73
      68
      75
      76
      59
      69
      68
      68
      56
      55
      66
      71
      58
      56
      64
      73
      63
      60
      65
      64
      64
      60
      48
      68
      60
      57
      57
      52
      43
      64
      64
      67
      76
      71
      59
      72
      64
      69
      64
      55
      68
      61
      70
      63
      53
      58
      73
      55
      62
      62
      63
      54
      61
      69
      46
      38
      50
      64
      61
      62
      64
      67
      41
      54
      58
      51
      49
      66
      53
      60
      59
      63
      59
      66
      57
      48
      60
      48
      52
      58
      60
      55
      64
      47
      61
      45
      53
      54
      64
      47
      43
      68
      69
      54
      48
      62
      62
      63
      61
      49
      51
      59
      58
      52
      62
      57
      54
      73
      57
      45
      54
      70
      52
      64
      51
      61
      53
      57
      64
      54
      41
      59
      59
      62
      53
      57
      61
      58
      58
      66
      54
      60
      47
      52
      63
      50
      58
      57
      42
      52
      56
      41
      49
      58
      53
      49
      66
      42
      54
      61
      45
      55
      51
      51
      63
      50
      55
      57
      52
      47
      52
      53
      55
      82
      64
      55
      57
      59
      60
      43
      67
      38
      42
      56
      54
      46
      59
      55
      52
      51
      43
      51
      54
      58
      61
      50
      52
      53
      64
      50
      54
      53
      52
      54
      38
      51
      53
      61
      45
      62
      45
      50
      48
      50
      49
      52
      53
      62
      40
      59
      39
      61
      43
      49
      61
      47
      49
      41
      54
      52
      49
      56
      54
      48
      53
      52
      37
      53
      39
      57
      59
      59
      51
      58
      37
      46
      47
      61
      41
      44
      49
      47
      48
      45
      48
      44
      49
      42
      46
      54
      55
      45
      49
      33
      56
      47
      43
      44
      44
      47
      55
      47
      52
      41
      36
      48
      58
      42
      40
      51
      42
      51
      40
      54
      54
      43
      46
      52
      50
      56
      54
      52
      45
      44
      43
      39
      54
      50
      47
      51
      55
      60
      42
      43
      56
      41
      51
      54
      60
      56
      49
      51
      43
      51
      43
      41
      52
      47
      65
      50
      51
      42
      44
      57
      54
      62
      44
      65
      45
      56
      51
      58
      43
      33
      62
      59
      54
      42
      37
      48
      55
      58
      60
      65
      49
      39
      59
      43
      63
      54
      55
      54
      38
      53
      53
      50
      48
      58
      49
      50
      52
      43
      32
      48
      42
      56
      51
      38
      52
      46
      46
      60
      50
      58
      33
      51
      57
      48
      56
      53
      56
      43
      48
      47
      42
      60
      49
      55
      51
      51
      46
      43
      39
      53
      56
      58
      41
      40
      45
      42
      49
      44
      46
      47
      40
      41
      42
      43
      52
      43
      59
      48
      52
      49
      54
      52
      47
      37
      51
      46
      45
      49
      32
      51
      50
      49
      53
      51
      54
      57
      50
      46
      58
      50
      39
      51
      37
      46
      61
      46
      34
      35
      57
      56
      43
      44
      48
      55
      51
      52
      52
      55
      46
      31
      43
      40
      46
      36
      58
      58
      54
      54
      49
      55
      55
      48
      54
      53
      49
      49
      47
      49
      55
      41
      58
      47
      50
      58
      52
      52
      44
      49
      44
      47
      62
      49
      53
      41
      49
      43
      49
      53
      43
      72
      53
      56
      39
      47
      45
      63
      40
      69
      47
      40
      50
      45
      66
      51
      48
      45
      57
      47
      43
      45
      66
      51
      52
      38
      57
      59
      54
      57
      56
      44
      51
      51
      63
      50
      47
      65
      53
      49
      54
      36
      50
      49
      51
      53
      47
      47
      49
      43
      43
      50
      44
      50
      52
      55
      40
      51
      57
      47
      40
      59
      41
      60
      61
      44
      46
      48
      51
      44
      48
      47
      60
      49
      41
      33
      41
      47
      48
      38
      51
      44
      45
      45
      49
      52
      47
      48
      58
      47
      48
      38
      38
      46
      38
      50
      51
      33
      42
      44
      37
      47
      42
      43
      35
      41
      33
      29
      33
      46
      36
      30
      50
      39
      51
      36
      38
      41
      41
      32
      33
      34
      43
      33
      33
      43
      33
      33
      37
      41
      29
      33
      36
      27
      33
      38
      32
      32
      28
      31
      34
      22
      29
      32
      33
      35
      40
      34
      29
      29
      26
      34
      23
      24
      23
      21
      38
      38
      34
      21
      20
      20
      32
      20
      24
      22
      19
      28
      19
      26
      24
      24
      25
      20
      26
      17
      22
      23
      19
      22
      20
      14
      31
      18
      23
      23
      20
      23
      30
      34
      29
      29
      34
      29
      20
      23
      26
      19
      15
      21
      20
      19
      27
      19
      25
      31
      18
      20
      18
      17
      24
      20
      16
      16
      33
      18
      22
      29
      15
       9
      13
      20
      24
      15
      18
      18
      26
      14
      20
      14
      16
      11
      10
      19
      16
      24
      18
      20
      14
      23
      16
      16
      16
      16
      14
      17
      23
      21
      23
      12
      14
      22
      21
      22
      10
      19
      28
      16
      21
      21
      23
      18
       7
      15
      18
      15
      14
      22
      21
      16
      18
      22
      20
      14
      23
      24
      16
      13
      13
      19
      20
      15
      12
      18
      10
      13
      17
      10
      19
      14
      17
      12
      14
      14
      18
      18
      18
      13
      15
      18
      10
      13
      14
      15
      15
      15
      16
      18
      23
      12
      19
      12
      15
      14
      13
      24
      11
      11
      12
      21
      16
      24
      10
      19
      20
      19
      17
      16
      23
      10
      10
      14
      11
      12
      14
      10
      17
      17
      17
      11
      20
      12
      15
      15
      14
      16
      10
      22
       9
      13
      14
      13
      10
      11
      12
      10
      13
      21
      13
      16
      14
      22
      23
      11
       7
      19
      13
      15
       9
      15
      14
      13
      13
      17
      18
      12
      19
      15
      24
      17
      18
      20
      18
      16
      11
       9
      11
      14
      16
       8
      14
      15
      10
      13
      17
      14
      15
      15
      21
      18
      20
      21
      21
      18
      17
      24
      11
      19
      23
      13
      19
      22
      15
      22
      15
      13
      14
       8
      13
      14
      19
      11
      16
      19
      19
      12
      18
      12
      19
      17
      25
      16
      22
      17
      19
      19
      21
      25
      20
      18
      14
      22
      16
       9
      19
      21
      13
      23
       8
      19
      16
      20
      19
      19
      16
      25
      25
      27
      34
      20
      22
      27
      22
      24
      31
      34
      23
      19
      28
      27
      29
      27
      33
      21
      28
      35
      24
      33
      29
      23
      37
      43
      38
      41
      40
      51
      39
      46
      44
      35
      39
      46
      44
      46
      50
      58
      63
      66
      68
      47
      52
      77
      63
      63
      70
      75
      74
      80
      59
      84
      73
     100
      67
      97
      92
      93
      75
      99
      85
      88
      94
      97
      89
     110
     119
      96
     129
     133
     108
     122
     108
     125
     122
     120
     117
     130
     112
     140
     159
     152
     136
     141
     138
     160
     140
     171
     153
     165
     165
     185
     178
     208
     174
     177
     194
     192
     205
     213
     189
     183
     215
     218
     200
     207
     212
     216
     231
     255
     195
     217
     245
     236
     226
     272
     254
     228
     245
     249
     280
     246
     262
     256
     252
     264
     261
     275
     261
     234
     245
     267
     263
     257
     245
     272
     267
     261
     270
     247
     275
     285
     269
     256
     255
     282
     261
     262
     267
     245
     227
     267
     246
     279
     229
     262
     238
     258
     234
     246
     207
     248
     242
     220
     234
     229
     219
     203
     231
     213
     196
     222
     212
     193
     211
     185
     197
     192
     195
     185
     185
     182
     178
     172
     170
     152
     142
     161
     181
     155
     150
     154
     167
     136
     135
     122
     144
     127
     123
     113
     130
      92
     104
     104
      95
      84
      80
      95
      89
     100
      70
      80
      82
      62
      85
      55
      72
      73
      59
      70
      58
      57
      51
      53
      51
      48
      42
      62
      47
      36
      32
      39
      38
      37
      39
      26
      27
      19
      32
      30
      24
      22
      25
      22
      26
       7
      19
      17
      12
      19
      10
       9
      14
      12
       9
      12
       7
      19
      14
      13
       7
       6
      12
       9
       8
       7
       0
       6
       4
       4
       0
       5
       3
       7
       5
       1
       6
       8
       4
       5
       2
       1
       2
       4
       1
       1
       4
       1
       2
       3
       2
       1
       3
       2
       0
       5
       4
       0
       8
       3
       3
       3
       2
       1
       3
       0
       3
       2
       3
       1
       1
       1
       3
       0
       5
       2
       0
       1
       1
       1
       2
       1
       0
       2
       2
       2
       1
       2
       2
       1
       1
       1
       4
       0
       2
       1
       3
       3
       1
       1
       3
       1
       1
       1
       0
       4
       0
       1
       0
       2
       2
       1
       1
       2
       2
       2
       1
       0
       2
       2
       1
       4
       0
       1
       3
       1
       1
       1
       3
       1
       2
       2
       2
       2
       3
       2
       4
       0
       4
       2
       1
       3
       1
       1
       1
       3
       1
       1
       1
       2
       1
       0
       2
       3
       0
       1
       1
       1
       0
       1
       2
       1
       0
       2
       1
       0
       2
       1
       1
       3
       0
       2
       2
       2
       0
       2
       1
       1
       2
       3
       2
       1
       1
       1
       2
       2
       1
       2
       2
       2
       0
       1
       0
       1
       3
       2
       0
       4
       3
       1
       0
       2
       5
       1
       0
       1
       0
       2
       2
       2
       1
       1
       1
       0
       2
       2
       2
       0
       2
       3
       0
       0
       0
       0
       0
       2
       3
       1
       0
       3
       2
       1
       2
       5
       1
       0
       4
       1
       2
       1
       1
       1
       2
       2
       3
       3
       3
       1
       2
       2
       2
       1
       3
       0
       0
       2
       4
       1
       1
       2
       2
       1
       2
       2
       0
       3
       1
       1
       0
       1
       2
       3
       1
       2
       1
       0
       0
       1
       1
       2
       1
       0
       1
       2
       3
       1
       3
       1
       1
       1
       0
       0
       0
       0
       0
       0
       0
       0
       0
       0
       0
       0
       0
       0
       0
       0
       0
       0
       0
       0
       0
       0
       0
       0
       0
       0
       0
       0
       0
       0
       0
       0
$ROI:
1
780 965
$PRESETS:
Real Time
60
0
$ENER_FIT:
0.000000 0.630393
$MCA_CAL:
3
0.000000E+000 6.303934E-001 0.000000E+000 keV
$SHAPE_CAL:
3
3.727226E+001 0.000000E+000 0.000000E+000
